    0.3561627713 0.567496905 0.1924700093 0.9397078981 0.6515505095 0.6635777990 0.3842055037
    0.2844653854 0.723630778 0.2515699172 0.6175849107 0.7835547889 0.6878648502 0.1931853355
    0.4432891668 0.866289326 0.6061052708 0.5558653835 0.3379409113 0.6748736463 0.8369441950
    0.8121457266 0.172055412 0.4130515768 0.9145260179 0.2555998185 0.7429940693 0.5249131361
    0.2204200222 0.536950592 0.4113986274 0.7609785065 0.6703280818 0.3583962775 0.4795953378
    0.6802260999 0.674488962 0.1699890725 0.7216650432 0.6877794602 0.4228116520 0.4775456554
    0.2344689472 0.094553365 0.3890225365 0.9823264489 0.7309462785 0.8276675787 0.7195106108
    0.5119581165 0.780952859 0.2407048347 0.8113727589 0.9876925504 0.5840599324 0.5322845734
    0.4385291100 0.408462740 0.4436389721 0.3301204559 0.4929114204 0.6997500667 0.2627281881
   0.5053274773 0.265872366 0.1626434728 0.8801656077 0.6099757644 0.7549734584 0.7011030259
   0.0893485066 0.785159699 0.7711155269 0.4939511408 0.7596716325 0.5384542453 0.5620758944
   0.9107306658 0.438447879 0.6337682470 0.1710572054 0.6637123039 0.1190407199 0.3557362008
   0.8188298869 0.677505303 0.1671019108 0.1073356121 0.8901573611 0.6111059033 0.6745285083
   0.5305898357 0.119792742 0.2770353370 0.5764618061 0.4182540880 0.5323284640 0.7717171332
   0.4312611943 0.727326383 0.9623347848 0.0800304732 0.1799932734 0.4657912211 0.2089423310
   0.4693328614 0.041451423 0.2902562941 0.3666862470 0.7271682069 0.6665425973 0.4227349560
   0.5197159932 0.187267054 0.9841427124 0.3410689930 0.8509533178 0.4886210622 0.5895765705
   0.3753436884 0.260227767 0.5693083784 0.5841618384 0.3151572453 0.7334091694 0.3911442951
   0.4097074724 0.765590829 0.3315110225 0.2673630161 0.1053638816 0.2301684737 0.1004487146
   0.8271793065 0.471457756 0.7356089275 0.8425841149 0.8186463264 0.9241848882 0.4381116653
   0.8249425986 0.625032957 0.9315413796 0.3251465999 0.1124486859 0.8562792317 0.2407441287
   0.1453402817 0.069597303 0.3182567664 0.1541952356 0.2464084970 0.7605718259 0.5407265912
   0.3617211630 0.485249394 0.3025267556 0.5505788379 0.2661013024 0.9029128069 0.8445209728
   0.6613909294 0.463698176 0.2639085988 0.9172809894 0.1419166153 0.6957605635 0.4285232766
   0.7895279160 0.806058068 0.1121065714 0.9224429285 0.2574300641 0.3574877222 0.9454134076
   0.5825629883 0.499987821 0.6874696197 0.2356654469 0.0422088900 0.0930301727 0.5309121603
   0.6418488908 0.715321198 0.3542117602 0.2427346920 0.7643046015 0.2759278165 0.0629182764
   0.5907829518 0.001402731 0.4347308301 0.4925776994 0.1753113048 0.4540666296 0.3383434267
   0.8948571183 0.568359047 0.2621039180 0.0212336388 0.3212764950 0.8039944173 0.7380621654
   0.0183753261 0.147182504 0.7390367909 0.0885213085 0.6267334214 0.7756701990 0.8596448626
   0.2596599215 0.621932515 0.8448812242 0.7033964365 0.5271242426 0.3746021793 0.2763699353
   0.9129317926 0.051204673 0.8166699260 0.6723535352 0.9533976811 0.6549578290 0.2991326219
   0.0964862644 0.554927351 0.7290041922 0.3076733588 0.1280934286 0.4752609210 0.2968534456
   0.3290701994 0.359788663 0.3219618993 0.5654836821 0.0466499152 0.8109252963 0.1824468101
   0.9510407510 0.552047173 0.5063883802 0.9498500442 0.0819396228 0.5172514737 0.6424004261
   0.3671173587 0.506592472 0.8921992953 0.5530157936 0.6349317105 0.7648482893 0.4325254989
   0.3175830321 0.108126039 0.9070578338 0.8726254501 0.9944570594 0.8752258322 0.7434297524
   0.9451331854 0.745032987 0.6888532588 0.7481047479 0.1188266048 0.3415498344 0.5024478544
   0.8654425212 0.597867599 0.5421791301 0.2445261510 0.5607996524 0.7736163186 0.5907693530
   0.4501863771 0.215419471 0.7952155850 0.1899493109 0.1694198375 0.7077797529 0.3280014572
   0.7926850195 0.247320897 0.9257535950 0.3774572550 0.1776495510 0.4523424410 0.2380285338
   0.7275157606 0.681524058 0.0311706831 0.3719801227 0.2823706777 0.5991826878 0.5496524283
   0.6880265583 0.522640189 0.2261004639 0.6014698688 0.9231333405 0.8722356829 0.7066638462
   0.4809816171 0.088697773 0.2554175923 0.8173640729 0.7964771188 0.0177546372 0.0422362047
   0.4712946644 0.284880368 0.3469233736 0.0551573083 0.0912172072 0.5702660955 0.0510250888
   0.9495843783 0.324134868 0.3072723234 0.8518981986 0.9619316335 0.1013996006 0.0506226899
   0.1912661911 0.638774297 0.7256456408 0.7395818002 0.6814710957 0.5673422534 0.0202190807
   0.8895483652 0.496427511 0.9413913233 0.1345700396 0.3010427994 0.3321669842 0.0370510924
   0.6246673640 0.276878985 0.5805473252 0.0967736915 0.4302186455 0.9156191718 0.4965878175
   0.1973932307 0.299231314 0.1556419226 0.8674525439 0.4218743624 0.6482976561 0.0722748803
   0.4340022455 0.417233039 0.2965149533 0.5852605296 0.4504769250 0.1911284511 0.5986019474
   0.5486086236 0.037836610 0.8296882016 0.9181596865 0.8940352484 0.2154598856 0.8600832617
   0.0582158870 0.508756158 0.9000021021 0.1396024862 0.5242606273 0.2892441347 0.3488407287
   0.8600555843 0.813968350 0.9634214954 0.0561793963 0.5525387202 0.5585987874 0.1954655430
   0.7919893168 0.167469167 0.0191868172 0.2769401603 0.5837957609 0.9428027191 0.5201136113
   0.6839329245 0.093652074 0.1786081431 0.3490057704 0.9821384778 0.3133762181 0.9956077406
   0.7604488590 0.822026454 0.8816061429 0.2319550956 0.9644490672 0.8481578346 0.0242306066
   0.4517621105 0.982714423 0.8278692669 0.1099153008 0.0175100678 0.2310287529 0.9603007719
   0.4598948642 0.878825748 0.4501103259 0.4388339727 0.9693890721 0.2535216339 0.9252716868
   0.1550000215 0.298654497 0.1756863826 0.7228834549 0.5811978970 0.0116776586 0.3430907139
   0.8263452481 0.644191640 0.5776312388 0.0756727792 0.1400717969 0.4080415470 0.1404352031
   0.6958267408 0.900573477 0.0741773203 0.8534658092 0.6595460050 0.8936241648 0.5010278257
   0.2071562969 0.918478235 0.6950120988 0.0259097802 0.4381417403 0.9214896346 0.6873724462
   0.9151381249 0.665593676 0.5649137815 0.6064329954 0.9668903477 0.4476516188 0.8524102295
   0.3090824923 0.274100590 0.7991681485 0.0305884707 0.7327827057 0.4402756708 0.2453697980
   0.5773405288 0.134094535 0.8135014413 0.7721008202 0.4800922188 0.8447744113 0.8291378909
   0.1188636064 0.687882099 0.4596198237 0.8015914129 0.8937564430 0.2724291204 0.2238017025
   0.2562424667 0.976384822 0.6865875365 0.4467904283 0.8166149670 0.6775260046 0.1048598368
   0.1403015707 0.817045092 0.6788505990 0.4507503645 0.1006470580 0.7273116173 0.0388660703
   0.8534957175 0.970112881 0.0840276382 0.4534275121 0.7429612063 0.6049168043 0.0526095364
   0.2677847701 0.647491627 0.4683084489 0.4783384321 0.9221764262 0.5686004656 0.1016406093
   0.7840427848 0.857574636 0.3410616267 0.8194363577 0.8220166353 0.0137651535 0.8229650525
   0.1194670381 0.591088563 0.7594086003 0.7115624289 0.0671145552 0.2909101423 0.2609961768
   0.3247970082 0.938621263 0.0616086727 0.3994034903 0.8815462717 0.3594017016 0.2820588351
   0.1870014529 0.192853981 0.2357641322 0.9374708541 0.9421324917 0.7502949384 0.8695187531
   0.0935633553 0.571168238 0.9262915325 0.1998564504 0.8288351837 0.9375076558 0.0472026966
   0.0905564669 0.935125897 0.1228031454 0.4418012579 0.1360347706 0.5344579591 0.6311433316
   0.3045464139 0.206550880 0.6309179973 0.3503770973 0.8150003841 0.2819660738 0.9895697212
   0.2151292253 0.850292116 0.5074217656 0.0912542253 0.2499643258 0.7385367228 0.5292332656
   0.0765481943 0.596923206 0.6227019629 0.6328812745 0.7926807629 0.1169265137 0.4204351853
   0.8303872168 0.066685931 0.8560987216 0.9540036653 0.1537430965 0.8227616263 0.2336200520
   0.4461053114 0.012191446 0.9780788185 0.7287470823 0.4879443374 0.0856664816 0.2656417286
   0.2038708922 0.450390432 0.8804136774 0.4448837699 0.9800589190 0.8174901972 0.1527377915
   0.9850621806 0.855482138 0.9164266162 0.1383477009 0.0498446933 0.2718480464 0.7360451111
   0.6175108341 0.831163718 0.1934266400 0.2493115358 0.7074640869 0.7525291134 0.0055208567
   0.6526510078 0.548413355 0.0409592684 0.1811509498 0.1836412754 0.8960868988 0.1297989782
   0.7908154534 0.007347831 0.6111741439 0.9782433396 0.6465995235 0.4793494721 0.6249638537
   0.3780150898 0.598093579 0.6358349562 0.9268986039 0.4035825802 0.6213977908 0.1030934158
   0.7802364126 0.714135194 0.7942503926 0.3342736624 0.0976916983 0.5919270747 0.0956715395
   0.8551128665 0.280262295 0.6536021855 0.0262655790 0.1310275756 0.3098439725 0.2594409151
   0.9735086152 0.696218061 0.0761472334 0.6314379886 0.1599678087 0.4994747268 0.5365225758
   0.1610361991 0.022216612 0.5339087394 0.1034291019 0.2204511511 0.7091026894 0.0344695776
   0.6576147397 0.239810214 0.8773850002 0.6126983382 0.5885397693 0.1993640638 0.7668001322
   0.4073378371 0.534759308 0.9574038724 0.0113004021 0.9464451969 0.1144194739 0.1657808623
   0.6824639553 0.301646287 0.5709959394 0.5095208170 0.4049044046 0.6120347684 0.8344241616
   0.2189740452 0.447573066 0.5150082590 0.9094027924 0.0011615851 0.6736842753 0.1568885396
   0.4535486722 0.391246412 0.2706949996 0.5121076793 0.7505676049 0.2252379250 0.0826259050
   0.9742877987 0.649275117 0.1659488934 0.2857121741 0.7744778312 0.4945966418 0.4166877187
   0.9478381598 0.009553277 0.7523125038 0.2336775014 0.3135217733 0.9131642551 0.9706173668
  0.1000791026 0.083605950 0.5266387518 0.1873162797 0.2245675640 0.9414663150 0.9767817687
  0.5285955610 0.577820327 0.6404221822 0.4815124065 0.8750267914 0.3961429743 0.0286830499
  0.0816357407 0.046037734 0.5346147712 0.8373933917 0.6240131394 0.4970428971 0.1216311531
  0.7258684671 0.926196043 0.3785006761 0.0033437657 0.4528156843 0.9957240857 0.1114981878
  0.4857839695 0.070361062 0.7626033458 0.5408553143 0.2218922630 0.8787895461 0.8651427090
  0.5713490513 0.013690423 0.7042145670 0.8093841867 0.5578844769 0.3034893763 0.7527351560
  0.4231426122 0.375892664 0.0427454633 0.6773840903 0.1526545541 0.1001111379 0.8037231766
  0.0480577514 0.559533064 0.2442944074 0.5786462629 0.0295256063 0.0261313662 0.6149154228
  0.9302800822 0.194289601 0.3284584097 0.9710952687 0.3721237582 0.1379390566 0.2015217500
  0.2245484404 0.129129376 0.3585483305 0.0998371011 0.9559865446 0.3254289134 0.3495241189
  0.6298541083 0.245319982 0.6589305040 0.9519555273 0.0341295495 0.7978216250 0.9134465470
  0.3472606072 0.619670096 0.0120087027 0.4598118493 0.5048146561 0.7725737390 0.9982035284
  0.7284630233 0.071399755 0.8724931252 0.3098419822 0.2133677530 0.1566615968 0.1358774890
  0.5201602706 0.200175706 0.7087102417 0.1128898625 0.3897429773 0.2527746844 0.3989863967
  0.1241563086 0.657541461 0.4855412756 0.7247968628 0.2567663560 0.6419713862 0.4881623104
  0.2313643454 0.469475756 0.3550342368 0.7659507439 0.7527142821 0.6670376676 0.1324002128
  0.8518153752 0.429163175 0.0758139036 0.5170591114 0.2156130045 0.8369477431 0.0993160667
  0.3838049443 0.911927135 0.1207569973 0.6904144207 0.5546362511 0.6572273414 0.1061348830
  0.1357963548 0.637144938 0.0555286165 0.3132527308 0.2890326860 0.7009179839 0.3638032977
  0.4223162022 0.136802089 0.8523228807 0.9324693733 0.7541587825 0.4258719239 0.1493251424
  0.7347645504 0.380720226 0.6084977131 0.0651988076 0.9057085300 0.2934074009 0.0555199116
  0.4578805112 0.633504469 0.8939138159 0.1502067147 0.5397791837 0.1224689979 0.0779365179
  0.1998836996 0.320625668 0.9175477832 0.1188209067 0.4344995768 0.7107966370 0.8999916664
  0.9396290365 0.362361139 0.6494127144 0.8984033045 0.3395901409 0.8929195230 0.3297430550
  0.1073909635 0.941434791 0.4638053997 0.1613930703 0.6142088864 0.6035395655 0.2579036849
  0.9054482306 0.171876147 0.0113916816 0.5341837763 0.1212498442 0.2860058268 0.3808557682
  0.0053295464 0.960927660 0.0679361682 0.0710112515 0.3327309166 0.3833423382 0.6693223034
  0.5027687556 0.405122087 0.3385188744 0.6507979470 0.3981556921 0.9118153911 0.4520896048
  0.5545210038 0.259987035 0.2189886913 0.0135150305 0.4881402124 0.6337801256 0.9887599017
  0.9500037298 0.826416220 0.4569736114 0.9808250669 0.7938310158 0.9961644581 0.2047442321
  0.3154820519 0.886100572 0.3194580438 0.6880694307 0.4402692553 0.6102946806 0.5926831967
  0.1827378054 0.292313206 0.5089841551 0.8842011187 0.8771214004 0.0452506261 0.6254374129
  0.8453532580 0.068385616 0.0069626505 0.4081595011 0.1857578187 0.8209493919 0.9415979683
  0.0651702083 0.347207823 0.4014639340 0.0852840660 0.3162216550 0.9282839567 0.7928812042
  0.2756080661 0.393190773 0.0795869641 0.5895350528 0.7720705124 0.8252112023 0.1942233733
  0.5088935791 0.662946461 0.9093135006 0.0925946965 0.7914071317 0.5446834383 0.4304344745
  0.7672997650 0.394047328 0.6075295061 0.3768817761 0.9014190564 0.0251098602 0.2362475114
  0.1545091215 0.915256871 0.0730378457 0.8419649973 0.0191172189 0.1953686866 0.9025610399
  0.0725661606 0.118305403 0.6503553199 0.6791147585 0.5555901854 0.8513077286 0.5910515271
  0.2961143746 0.395376426 0.1593851195 0.1422111215 0.1881012296 0.0081773756 0.0675008481
  0.6210803685 0.418509992 0.2084586791 0.2111041346 0.6585845794 0.9675023658 0.3460194627
  0.4082301110 0.248019578 0.7478865778 0.5396405013 0.9184733107 0.7807960972 0.3100408744
  0.2190239916 0.891518076 0.2484597714 0.9005040900 0.9078612459 0.7376370371 0.0641411714
  0.3825494873 0.156529115 0.3640789543 0.3110455898 0.7410332075 0.3611803472 0.6836764162
  0.1938027619 0.173865386 0.9799684806 0.2003721256 0.8698688224 0.7471303041 0.9482281891
  0.0425451028 0.983899044 0.0720855841 0.6639631803 0.7972000581 0.5568726736 0.5631277447
  0.7413574264 0.731549896 0.6346867667 0.8451581597 0.8677872292 0.8959844301 0.6819555256
  0.3497820431 0.228365869 0.8061482584 0.0896226540 0.9120137795 0.0281955988 0.2326772401
  0.1683720528 0.335747919 0.3608137312 0.4248794916 0.4439152071 0.1694592490 0.2678606050
  0.2420763310 0.133598185 0.4397454319 0.8543535264 0.9784381572 0.4561714381 0.2722227834
  0.0850072145 0.016406070 0.0372332828 0.5022877947 0.2512866739 0.5696347187 0.2719997082
  0.7385352974 0.029024439 0.0972324040 0.3972056141 0.0902047385 0.6310475589 0.4667134638
  0.1504564511 0.974288703 0.7365384966 0.9957936287 0.0380807631 0.7836660165 0.7758110198
  0.1028380496 0.116004222 0.0957031786 0.3913687947 0.4575147931 0.8322208695 0.3140676296
  0.0624480787 0.436164956 0.2938308293 0.7891689869 0.7674869557 0.7232397162 0.4498797270
  0.3217013700 0.792637949 0.3149499937 0.9943205613 0.2047781293 0.9477457212 0.5318960590
  0.8875476851 0.052367660 0.1895722044 0.5162916186 0.8889702484 0.9762440333 0.7370772834
  0.8236309898 0.968371975 0.5247166373 0.3857657070 0.7171804080 0.8769472745 0.3012050511
  0.1675803696 0.115215273 0.7266691043 0.6719967702 0.1930363935 0.2234890955 0.0272851024
  0.8852879305 0.057587314 0.5828204875 0.8871371095 0.2345226303 0.6530836996 0.0977451518
  0.1927121652 0.695609833 0.3332035407 0.1808700459 0.5841619074 0.8308143020 0.2910455237
  0.6758015798 0.053734066 0.5781901832 0.1948576984 0.1946771431 0.6703252946 0.0889573196
  0.7338867824 0.185206458 0.5451905849 0.0873962915 0.9251007332 0.7406335452 0.7977031793
  0.2067489420 0.368836100 0.2606136366 0.3172916013 0.6720685169 0.6721716792 0.3722256748
  0.2125458030 0.233873705 0.2851525500 0.2308061621 0.8669455030 0.7195019299 0.0394635581
  0.1943443511 0.685662975 0.8321466853 0.8081751281 0.0741185096 0.8045814126 0.8539274688
  0.9974472986 0.158717083 0.7515424472 0.1418676366 0.1458852794 0.9632755174 0.3680581453
  0.9548042583 0.985987619 0.2419153107 0.3613820565 0.3750701786 0.6615800053 0.2022458798
  0.0373843554 0.209438371 0.9901083953 0.0698373469 0.6553085998 0.5305199483 0.0548539273
  0.3336408658 0.742823868 0.0057926167 0.9938316742 0.8378703437 0.5669765414 0.1074930095
  0.4480888858 0.062814845 0.9291255331 0.0683697500 0.1516352767 0.6074645374 0.9472930990
  0.5830633201 0.403561571 0.2111840679 0.9978502009 0.6963731738 0.8073036277 0.4546347505
  0.6068086116 0.645245881 0.6721849177 0.0547002628 0.6153437339 0.8672498532 0.4093518139
  0.6975939618 0.160933473 0.4000890738 0.8578164269 0.8795695074 0.6130457248 0.0148531119
  0.1796268807 0.097233815 0.0255772210 0.9749721542 0.0392884266 0.3882161683 0.1455945052
  0.8748379995 0.241668898 0.1096817673 0.2245957542 0.3679347481 0.8779272577 0.7760683113
  0.1772900451 0.086198616 0.2981751479 0.9455078602 0.5495249846 0.7394317105 0.2646386040
  0.3230086181 0.845381271 0.3657506603 0.9194660140 0.2585189047 0.5044710328 0.0029821525
  0.4638987103 0.055777856 0.1603795164 0.1960364451 0.2121770710 0.6825150171 0.4973218747
  0.5923807883 0.032864988 0.5053250109 0.4831473800 0.1674234154 0.3005838506 0.9748917580
  0.4684678681 0.586992961 0.2134089514 0.9817557002 0.9506937301 0.6019195756 0.8258729541
  0.0450968853 0.413347379 0.3004611917 0.3037585900 0.1222245459 0.8573296765 0.2479680970
  0.9220732280 0.067004117 0.7759255909 0.9307494056 0.5612250015 0.0664097242 0.4569845106
  0.8625078605 0.825735217 0.6147159809 0.6617959396 0.8913323863 0.9310283280 0.3047016454
  0.2042107334 0.367095406 0.1293799247 0.6688022234 0.0271948693 0.1608240840 0.1741946134
  0.3421944957 0.562554700 0.6030654977 0.8441384250 0.2794802888 0.9463728492 0.2187681599
  0.9841591934 0.181764305 0.2238619879 0.3106278916 0.7850090729 0.3755625896 0.0764311781
  0.6342628876 0.092289196 0.3980003532 0.9241531947 0.5141396239 0.1346295784 0.0080272261
  0.1386116525 0.651239974 0.0598680605 0.0939953790 0.2783843200 0.3172126591 0.8936444053
  0.2398305359 0.478880556 0.0233867497 0.0223820443 0.0888455999 0.9850054792 0.9904680338
  0.5525140090 0.350874128 0.7615978879 0.2082183132 0.7407023292 0.2266910877 0.2525683855
  0.7075190566 0.035264914 0.8413718338 0.7460771655 0.1470105375 0.1648820437 0.4659067115
  0.0088417466 0.025882583 0.0008915086 0.3544226918 0.6883496803 0.2393033071 0.1815242087
  0.1328251866 0.112421652 0.3729927650 0.7165083428 0.0454789568 0.3897710743 0.1793155098
  0.3643014341 0.986612524 0.1471598922 0.7019128472 0.0049728570 0.0715677083 0.5228781572
  0.2461862075 0.964474054 0.0307566020 0.8312022949 0.1241453874 0.5929956783 0.0810306928
  0.0738547373 0.145187841 0.2100022107 0.9885367622 0.8534298906 0.2546216735 0.5843273001
  0.6439396087 0.310990875 0.2874358805 0.1738839761 0.7453505360 0.2356506954 0.9517121972
  0.7459081743 0.219806209 0.9219605721 0.7330713281 0.1012141589 0.8426919003 0.9695735877
  0.6631530101 0.414399549 0.1485231632 0.9418300720 0.1388070060 0.1820332611 0.1443369087
  0.1088815028 0.741832756 0.0834282139 0.1235692982 0.5856390742 0.0109420673 0.2880611156
  0.1801278189 0.043163136 0.6754732198 0.2294287370 0.9358174184 0.4773337756 0.2558362634
  0.7491487230 0.827418522 0.1633073282 0.3528115290 0.0109483279 0.9087762693 0.0416662735
  0.2945597365 0.409755534 0.3665105688 0.2631008438 0.0961368100 0.9942495371 0.7938921064
  0.8165549004 0.909370992 0.3322805433 0.9752597815 0.4159885512 0.7555479469 0.6089316274
  0.8148365658 0.443643633 0.6934615057 0.2808134392 0.5034550094 0.0873040439 0.0654798598
  0.4367416883 0.757784608 0.6575492420 0.2980982582 0.8526587523 0.7064139800 0.3231466900
  0.1784049232 0.504775701 0.0077711614 0.4760450063 0.1354627598 0.8351375941 0.9784411716
  0.5259522486 0.940401389 0.9186016043 0.8901764070 0.5592081769 0.3047402115 0.3319514082
  0.2279276437 0.931369761 0.7494468526 0.9626191145 0.2064475670 0.4696807920 0.3974166853
  0.3914558843 0.565039559 0.6826994625 0.7152113917 0.2430782192 0.1084419502 0.8860457682
  0.7378538601 0.995585575 0.5095325955 0.8122840148 0.1961816843 0.1071137850 0.3348588699
  0.6726627432 0.213782258 0.0240914135 0.7868280541 0.7821015622 0.4182414124 0.3321370937
  0.6351072152 0.612842588 0.3018832885 0.9207763383 0.9549851442 0.9172424436 0.4513086458
  0.5953584034 0.084830312 0.6410808054 0.7694206787 0.8460356086 0.8623847554 0.8873954789
  0.3659717781 0.296779542 0.6677848898 0.0010374946 0.0557686431 0.2741756559 0.9912106809
  0.9133152646 0.464145110 0.6011707837 0.5976121711 0.7334510434 0.0221780664 0.7081553397
  0.7817648507 0.975585095 0.1148833246 0.0400060897 0.7059809923 0.4966174877 0.5123922236
  0.0396895618 0.255469325 0.7305153509 0.9636922139 0.6606387762 0.7934657596 0.9241577439
  0.4278152115 0.285460703 0.3672291001 0.1011193850 0.9903653982 0.1572959197 0.5578862852
  0.3552639360 0.834630675 0.3501465034 0.3297106155 0.3730317847 0.5450648249 0.1026005894
  0.4771874860 0.163589588 0.9084499865 0.6110491992 0.6047723791 0.5629666112 0.3163402537
  0.6077036015 0.965170688 0.4793507270 0.1820271619 0.4662073768 0.9794952403 0.5559052799
  0.7304864014 0.481012839 0.4495229880 0.9900735972 0.4373438627 0.7128784779 0.0981538931
  0.9239127094 0.545189849 0.0916734560 0.9283488347 0.0063319885 0.4162816390 0.2291177825
  0.0806886072 0.257510090 0.4691928026 0.1160389121 0.5948403687 0.8998477765 0.2170602875
  0.7794899241 0.432151148 0.7195533893 0.1155733046 0.4907836886 0.9574920556 0.2225034294
  0.4550365011 0.957579908 0.5866356360 0.3278076619 0.4519473733 0.8822784024 0.0900856799
  0.8648905389 0.235675020 0.2077608188 0.1459055683 0.0579439060 0.2871871196 0.1091648138
  0.9018628646 0.253935759 0.1814638238 0.6669329599 0.1509344331 0.4147280620 0.6674258912
  0.5690369181 0.473010746 0.1192523632 0.9103778752 0.7531449707 0.9402405610 0.1412963678
  0.5170976016 0.444864692 0.4897850966 0.1843484711 0.2264828923 0.8119710471 0.6643777325
  0.2662037672 0.064825178 0.0803458660 0.0981485799 0.6846222772 0.7034504242 0.1539337778
  0.7037362336 0.196066324 0.4806972855 0.1537380690 0.3355415870 0.6160364432 0.9465167945
  0.4755485477 0.503705241 0.8174523379 0.2125322924 0.8513459231 0.8713217644 0.5732419633
  0.3998981383 0.829651080 0.2144282872 0.8739457273 0.5968471773 0.9536781429 0.0852888970
  0.1582563352 0.623973849 0.9933648515 0.0166224960 0.1048849564 0.9437043850 0.7147587344
  0.0302922117 0.339374466 0.8517440970 0.5337931420 0.6436686822 0.7994882333 0.9509403298
  0.8712229672 0.835466756 0.0175509142 0.5592596064 0.4565175162 0.5164411468 0.9611631651
  0.3869203209 0.683046572 0.0662359061 0.8296530797 0.4015586425 0.9658573685 0.7537417980
  0.7619396198 0.663747582 0.7143728502 0.3740678756 0.0259947007 0.6508620362 0.9934995613
  0.8988980267 0.110305666 0.0575561516 0.5292748199 0.4642794156 0.6975059696 0.3473210973
  0.4493006497 0.048152431 0.9431887219 0.9439391253 0.2717059681 0.2648400775 0.1751721253
  0.1816426254 0.033833176 0.1845688128 0.7076442827 0.7795967358 0.9564609750 0.1198251134
  0.8117797613 0.939819096 0.3360703124 0.7702949781 0.0563796496 0.2734172897 0.9826956849
  0.1251344382 0.249500893 0.6631297268 0.5426177286 0.0662818862 0.5985629291 0.9839316806
  0.3208503783 0.061986129 0.6449067737 0.5998214426 0.9722469122 0.0745888322 0.9154445816
  0.3452555040 0.164989561 0.2040448504 0.0845603554 0.9701289794 0.4369922518 0.9320550535
  0.9662311097 0.082751956 0.3446347651 0.6866795371 0.4464775921 0.9682574466 0.1346201576
  0.5780494126 0.808023211 0.4840240555 0.6952521699 0.1105925086 0.9542014454 0.0128718143
  0.6182995041 0.080235691 0.3979449782 0.0826254083 0.7616249152 0.2368475983 0.5783105405
  0.4374184681 0.673636172 0.4785486769 0.0945528023 0.8173999698 0.8380850862 0.0576540778
  0.9076303273 0.113165545 0.0029287426 0.3936186374 0.3574035033 0.1975050559 0.1509949601
  0.3692872003 0.044840502 0.8507923336 0.3438930372 0.7094212820 0.6889501029 0.4991758657
  0.3925457604 0.036379673 0.6125451884 0.4944348538 0.7485812164 0.3066149075 0.3780955280
  0.6204426923 0.283759301 0.1689582071 0.1475793285 0.0503656505 0.0008657345 0.0309811460
  0.4652266932 0.398566971 0.6025969066 0.9031049086 0.3451945257 0.4575310719 0.6868353035
  0.1445944881 0.030508662 0.5907747657 0.9478171644 0.3261499065 0.5129135996 0.5503002098
  0.3120191439 0.056391333 0.5311632661 0.0491336165 0.4247714841 0.4629126670 0.9223770577
  0.8505487663 0.338527047 0.2957808135 0.6783091282 0.0470550733 0.9078906333 0.2492703396
  0.6250138934 0.962167818 0.1989143898 0.9088681580 0.8089133432 0.8265841558 0.1688517235
  0.1128198219 0.904042906 0.2990929365 0.2134482497 0.3000267119 0.4893861255 0.4720082996
  0.6534106722 0.996906849 0.0607291336 0.7660438543 0.2239200254 0.9865849171 0.9368344972
  0.6918284559 0.871183799 0.2668366954 0.6801089661 0.9036883454 0.9980818849 0.4737094758
  0.7061531377 0.556136975 0.4822085803 0.4194731924 0.6471718696 0.3731602914 0.2610185608
  0.3779668452 0.117320414 0.8083408332 0.4223188783 0.7730914113 0.6267810699 0.9524226900
  0.9437011074 0.700445604 0.2643019226 0.7194297233 0.2276269495 0.1115236229 0.0496932120
  0.9991296239 0.467953253 0.0132551887 0.8068337275 0.5179636054 0.3802267937 0.8066436979
  0.0119038320 0.951841089 0.8975679354 0.7912214511 0.7589780587 0.5722958044 0.7491271965
  0.2554552756 0.928086506 0.7130558706 0.2794351887 0.3550713686 0.1355561984 0.1843283455
  0.9584129168 0.895862963 0.4862898973 0.2140959477 0.8453139027 0.4926781426 0.1770629272
  0.7727090630 0.137262870 0.1115482753 0.5363159983 0.9790517550 0.5806427735 0.5399969963
  0.5340318025 0.433933897 0.1647105286 0.3185063417 0.5475369750 0.0372720096 0.0103400697
  0.5840770039 0.175942942 0.6685618755 0.5248514310 0.0929303902 0.7496265539 0.5441196298
  0.7311672621 0.026605458 0.7188489423 0.2524831968 0.2924886614 0.8239385223 0.6859343635
  0.9604897875 0.439565392 0.7412875179 0.6005739699 0.3500793431 0.9051898810 0.7952886728
  0.0478824503 0.977161398 0.0320061054 0.8047810003 0.3781491025 0.5023252095 0.6063366430
  0.0313687031 0.823175569 0.1306119277 0.1448085974 0.9045607820 0.1887441181 0.7615210905
  0.6869971971 0.956620686 0.2394311441 0.7444759550 0.2907810023 0.0397765969 0.9283550710
  0.0531679233 0.264225522 0.0872436830 0.0813528016 0.3625750013 0.7857342916 0.8954125186
  0.4149074811 0.579369638 0.7987163117 0.5645329340 0.6384729164 0.2002100447 0.0361863848
  0.4114604547 0.953296411 0.4718805676 0.5484693766 0.9739261226 0.6819357497 0.3957262969
  0.9572273046 0.873218316 0.1327779172 0.6162988816 0.0319190855 0.9733428230 0.8964451680
  0.4068711972 0.111370705 0.8899459233 0.2161061732 0.9148355434 0.8831029514 0.2418135749
  0.4903765535 0.875218016 0.1573899954 0.7682003531 0.0529926105 0.2213891920 0.0311251960
  0.5749602053 0.890558006 0.8012711496 0.5323665905 0.1039027971 0.8473249289 0.6543933267
  0.5708282952 0.130266884 0.4649588723 0.6744293044 0.2083230485 0.9201900524 0.7189844425
  0.8477580098 0.151216832 0.5993881548 0.8497073442 0.2770413365 0.0643764284 0.3672045654
  0.9247023149 0.268930054 0.7897588365 0.3755359316 0.6746555615 0.6052105524 0.8622007525
  0.6386400913 0.622822934 0.9926162349 0.7257955110 0.2285055471 0.7821782698 0.2587131856
  0.1155398023 0.246305921 0.8453372900 0.7436500320 0.4338468310 0.4280496043 0.0134223236
  0.0198413575 0.778561481 0.8846778423 0.3951856223 0.6622010648 0.9512465234 0.4006704498
  0.3018679999 0.684450602 0.3859757752 0.0535025233 0.7889546650 0.2578201580 0.1315908257
  0.7355343387 0.802279075 0.3173162548 0.8561715905 0.7243873913 0.6325035884 0.6798577634
  0.5508411097 0.668711428 0.7731334912 0.0128233449 0.5756434311 0.9595103766 0.8575180953
  0.2914174097 0.634783184 0.0290642548 0.1784246500 0.7008008313 0.9255657841 0.6967127516
  0.0981533381 0.979890960 0.2479926698 0.0297307329 0.8842003432 0.6095021410 0.9734668222
  0.2893609989 0.104342237 0.7871018532 0.9354395451 0.8809824819 0.8370897711 0.0876571385
  0.7124956855 0.706475179 0.7855363618 0.4337841754 0.5362690087 0.6902646381 0.9192732169
  0.3052963877 0.697173784 0.5027790066 0.6733340017 0.5513182768 0.1459408792 0.0912392721
  0.1013503279 0.804742626 0.5744264820 0.9611950810 0.4094185506 0.1969111216 0.0840500849
  0.6924134509 0.743903258 0.0887679575 0.8765527859 0.4391728657 0.6234664755 0.5157235789
  0.3502142755 0.846690420 0.1343851906 0.1777460034 0.9066070291 0.0182915715 0.6808851109
  0.9652898102 0.987674205 0.6626634440 0.9139911807 0.1726060673 0.2403426366 0.7346801267
  0.2236744356 0.491573462 0.8392589867 0.0524594704 0.2975571524 0.0159584948 0.6603045046
  0.9758256190 0.620046814 0.1065920235 0.7929021897 0.5015315167 0.4597796851 0.4417849541
  0.0338706289 0.628535392 0.0014158087 0.6961688935 0.5292161545 0.5550552393 0.6166181368
  0.8549765524 0.532268639 0.1791211855 0.9114135858 0.6499876945 0.6965266758 0.8815314775
  0.4741303413 0.870342694 0.6177354160 0.1363640067 0.5344399684 0.1551967252 0.0070452675
  0.8780699021 0.701732510 0.7209023509 0.5496465897 0.7772909074 0.8216847488 0.5770578322
  0.5552771423 0.998533139 0.0851029858 0.1765467312 0.9981937901 0.7959203379 0.7316721906
  0.3577309585 0.349268189 0.1101226064 0.1956180562 0.4587544621 0.1388517018 0.4985838622
  0.2533356765 0.020161743 0.7569629772 0.2152414862 0.7035808853 0.1761459082 0.4117706773
  0.5736827749 0.905392228 0.4106161314 0.8053654092 0.5702325780 0.0566402830 0.0214692211
  0.2715425546 0.868337917 0.2376257316 0.2888212266 0.5980298268 0.0219441042 0.8272173523
  0.1168815034 0.225853817 0.9480514242 0.3230783817 0.4784206964 0.5264711349 0.4249001474
  0.9808290719 0.728556975 0.5941263205 0.4050442056 0.3859023592 0.7534047826 0.7980847195
  0.5032307092 0.879556035 0.0340683359 0.6209966636 0.2295835012 0.8315120045 0.6983028004
  0.6274857131 0.880629957 0.6997026813 0.9917322640 0.8350676794 0.7132161868 0.0010605161
  0.4243271911 0.135877082 0.2828493275 0.7389707868 0.7369296667 0.4536595408 0.0238372778
  0.8052289500 0.437395558 0.3793953412 0.8341559389 0.3185022580 0.9992726619 0.6689926578
  0.1884779357 0.690534203 0.0631643680 0.7671106621 0.5938487864 0.6768952087 0.3270338631
  0.2683948086 0.177596690 0.5133156065 0.2539029008 0.0629017442 0.6186390200 0.8632582155
  0.3034872630 0.281642179 0.5925009305 0.9838898292 0.7661717473 0.8873508791 0.3441488721
  0.7000486355 0.898278486 0.1706033412 0.4798274074 0.0236440913 0.4868966556 0.8002905823
  0.5608627315 0.553678677 0.9014790449 0.7768164843 0.9086334403 0.7456112737 0.4861132259
  0.0435777916 0.988714832 0.0933395351 0.8744852336 0.4423558356 0.8459891857 0.6978171815
  0.8484536098 0.183174852 0.9304322417 0.0073251040 0.4862086455 0.7174064937 0.2758901658
  0.0361336712 0.615821322 0.8094405271 0.3191317164 0.5768905462 0.0948874979 0.0680900763
  0.0253426798 0.605657574 0.6560472499 0.9699347476 0.9926833728 0.0598490435 0.8264864032
  0.1863251698 0.747676615 0.2361112400 0.0336953598 0.9560258136 0.5087693638 0.2206187210
  0.2784341329 0.152776704 0.8835526294 0.7145935291 0.9528901851 0.6698005478 0.9972114390
  0.0016948153 0.849236148 0.4463136729 0.3812739069 0.6009079722 0.7897194388 0.7649333173
  0.3074512461 0.198013580 0.0382601723 0.2656030668 0.0698155462 0.6756443927 0.7295061534
  0.1734489371 0.840834237 0.9981601901 0.9166745743 0.3173916090 0.9129155953 0.1519294532
  0.8903267470 0.103308515 0.2539747063 0.8796301510 0.5221293560 0.9695646508 0.4267238678
  0.1842012240 0.572004168 0.8304328440 0.1915008047 0.7212943900 0.5967043600 0.4828232092
  0.1526426379 0.131851867 0.9347502727 0.4108530708 0.1556132099 0.6089502549 0.2077101163
  0.2814786531 0.989261420 0.1950563369 0.0771807823 0.5976374580 0.1629162395 0.1864769967
  0.6315787622 0.530685241 0.9713698725 0.5132347438 0.3827182141 0.4954501983 0.1268921806
  0.1095675782 0.448481168 0.5352897086 0.9467980331 0.1712277738 0.8748704887 0.7119637486
  0.0914249870 0.073248255 0.6901811220 0.4624362839 0.6775649585 0.2054170286 0.6502028574
  0.9632115122 0.648547074 0.8648317083 0.0052203961 0.3464569922 0.8143386206 0.7807914874
  0.3548260731 0.667357128 0.1562491017 0.9877311110 0.8478414685 0.5746236706 0.4393206137
  0.7364578832 0.475693005 0.9947579909 0.5969516199 0.2656948149 0.5762637687 0.6957716307
  0.0463698691 0.744413172 0.2334319776 0.9602791985 0.4478996051 0.1896540008 0.8519791459
  0.6080320858 0.291364946 0.8113895142 0.9577178432 0.8003087946 0.1813498267 0.5434168947
  0.3967748838 0.805183550 0.1774323372 0.3627209374 0.6508005887 0.1036234293 0.2480162404
  0.9785328285 0.930218262 0.2881324359 0.8408829118 0.6454438343 0.7677762507 0.2743203681
  0.1436387018 0.312597185 0.2454651353 0.4514440229 0.1173690609 0.5780773683 0.3735394986
  0.7663524895 0.973263653 0.2287437263 0.4143474125 0.2359262103 0.9450404945 0.8987923616
  0.9887457356 0.329463422 0.5003991780 0.1052194674 0.9896810599 0.4688270578 0.3570759221
  0.6966517524 0.702330197 0.3421884170 0.9333885468 0.6290740893 0.0363636909 0.3054629376
  0.7200923988 0.322445694 0.2599707951 0.7851293033 0.8400150825 0.5516821337 0.5526970846
  0.7743327630 0.381446441 0.1878423745 0.4400669424 0.0332641270 0.6653395744 0.8619240238
  0.7824373547 0.099230295 0.1615717845 0.6248955245 0.2488293428 0.6257113455 0.1150007799
  0.8251671320 0.881582824 0.5589070849 0.7499893154 0.4355004335 0.9397893003 0.5691251456
  0.0143999593 0.212226290 0.2689380867 0.7404440950 0.6858100110 0.4648825318 0.3548331221
  0.0230025627 0.286172771 0.7821234371 0.5446048366 0.0997306861 0.8411715936 0.4404951660
  0.1470594576 0.226775137 0.7843692319 0.4607097819 0.8098142241 0.0612638774 0.3943386973
  0.1203627501 0.107056265 0.1238464182 0.0272603360 0.2422082176 0.1925951961 0.8584442107
  0.8702398428 0.810495302 0.7558167911 0.6362125668 0.9472850914 0.1719376181 0.8806881492
  0.9552686113 0.967098561 0.6794037779 0.8146631813 0.4419438617 0.6152820403 0.6924006307
  0.2149198564 0.003751354 0.1368100546 0.7580166497 0.4207671995 0.9303758968 0.0719156517
  0.0350013263 0.917101972 0.0960512334 0.6433098905 0.3515228806 0.6388087612 0.0668780251
  0.0094339786 0.019159248 0.4582571577 0.2590626457 0.5415867403 0.7045479234 0.5171334258
  0.0667590710 0.466244452 0.2066207948 0.0908022244 0.9659378044 0.4020662116 0.8452656576
  0.9963628158 0.601489056 0.3122237774 0.4455477433 0.6084150809 0.0903106282 0.9540238232
  0.9488317589 0.060036082 0.5897358375 0.7421668626 0.1491885370 0.2017261901 0.0606487882
  0.8382690840 0.958576325 0.4188712135 0.1439972961 0.0350824682 0.9667523085 0.4585817124
  0.2137784885 0.492271805 0.1159034137 0.2621128332 0.0183132588 0.5732284713 0.5722181599
  0.5260859039 0.142181677 0.1018620548 0.4020470408 0.8483316855 0.4819649649 0.2429329305
  0.8441392668 0.416350332 0.9750826415 0.0474831427 0.3926064142 0.0142156525 0.1473916538
  0.3415535151 0.297988079 0.3952447390 0.4695164646 0.4062677588 0.7567678782 0.0453408331
  0.5004815549 0.270326608 0.2507922420 0.3634857976 0.2984724857 0.8297231452 0.2972121916
  0.4267551995 0.426542089 0.0032181410 0.0584085609 0.5154246116 0.9700242602 0.5344892175
  0.6705470347 0.832761137 0.0865556792 0.1938424649 0.4164629188 0.3350380793 0.2847553890
  0.7085370144 0.531804696 0.1335811449 0.8961507679 0.2525687200 0.3907245022 0.3996627308
  0.0681148041 0.759393083 0.1999950268 0.8861945963 0.6617641033 0.5405251966 0.0566055199
  0.5407563128 0.378947654 0.9800187054 0.1403120931 0.5907193165 0.5866727267 0.9208297189
  0.1426330640 0.704350574 0.5660115100 0.9676465212 0.6115297634 0.7461059735 0.4336833715
  0.4183509935 0.275780247 0.2811615791 0.9125536526 0.0867888655 0.3815560361 0.7468723174
  0.9930168193 0.794116245 0.9677650744 0.6338882539 0.0306004415 0.6356966083 0.6189371204
  0.0741809729 0.588073201 0.6199378343 0.8476158820 0.8738490966 0.8884716355 0.6468536561
  0.1980139206 0.515735005 0.0221584209 0.7887234521 0.2816951193 0.6006663314 0.3861981147
  0.7537292170 0.313870300 0.9815265401 0.9897852902 0.0376410562 0.4912873292 0.5752689024
  0.0220527049 0.243174069 0.8955256325 0.6513611030 0.2175711243 0.3989775101 0.6042377844
  0.0548059955 0.332063137 0.8540692608 0.5680386200 0.3644162904 0.9221926117 0.1389062442
  0.7476114904 0.451471873 0.0103988771 0.2252925725 0.2414159353 0.3366979509 0.1231475633
  0.0639420612 0.472251052 0.3470597665 0.4476426541 0.2672940322 0.2432166678 0.6332026616
  0.3537625496 0.950797467 0.3482779745 0.7356199706 0.8397981342 0.9321928305 0.4641685164
  0.9870756161 0.397596616 0.4727590929 0.2460098663 0.0874604293 0.4000398410 0.3879702368
  0.2643614293 0.482041217 0.5871818422 0.3007004780 0.1956578174 0.0475213568 0.6511199040
  0.7397224030 0.237100372 0.9405150255 0.4035794155 0.8605962942 0.6205160330 0.2805278837
  0.3719296152 0.081159756 0.0905866488 0.2196447266 0.4079491884 0.8941983035 0.1424983187
  0.1601786397 0.442385491 0.7451098721 0.9051641759 0.2391353184 0.7655052885 0.0226042636
  0.5594494435 0.460500355 0.5178736095 0.6158329367 0.0116841737 0.9614681744 0.0181082861
  0.1636509691 0.334627793 0.6398538990 0.1301120983 0.5431892798 0.3854519050 0.0536871353
  0.6451040684 0.949433908 0.0275803083 0.8710305887 0.5009470976 0.2566211098 0.6365058701
  0.8699789702 0.282986001 0.7696816781 0.1560127676 0.8246340688 0.8733092641 0.9680951314
  0.8773327690 0.583322970 0.8367000215 0.7878254983 0.0218462641 0.8061082277 0.5147024274
  0.6093041234 0.358819191 0.3390726722 0.9773647032 0.6718505931 0.2926800942 0.7075317437
  0.7860572294 0.390750155 0.8480330789 0.7648039744 0.3603654943 0.8616215546 0.0254855941
  0.6378802146 0.830303777 0.2007163194 0.1724888168 0.2801231273 0.7665201972 0.0480439057
  0.6712730444 0.421223599 0.4352159274 0.8688865163 0.5054993297 0.6490158768 0.6156984628
  0.8375019408 0.303242782 0.6383515224 0.0787752938 0.0544917400 0.7224889074 0.4680790206
  0.7192706550 0.636839335 0.0506140734 0.6385312813 0.9603374108 0.1202271866 0.8131056011
  0.0675119652 0.311502887 0.9761486726 0.2713937452 0.4849967834 0.9810237931 0.7583469920
  0.0601769839 0.034111926 0.1051498002 0.0155726658 0.4489409435 0.0498110047 0.1710469588
  0.8411824328 0.907664035 0.9779171229 0.2707161476 0.3632369878 0.2978672663 0.2169265371
  0.6591214245 0.305836080 0.9513320005 0.0442034097 0.1029348750 0.1546354060 0.1590765889
  0.3941864077 0.943644470 0.3991463657 0.7566604739 0.9769422883 0.2998799360 0.0405954462
  0.4046638707 0.812732410 0.4604130236 0.0148451798 0.0205884989 0.6023828178 0.3605593829
  0.4608116563 0.004797915 0.2540741331 0.6379134584 0.2017048750 0.8860514925 0.0795876421
  0.3590972172 0.686823435 0.0627612490 0.1060383710 0.2166128195 0.5097777937 0.6774663322
  0.0527729451 0.828834763 0.1410295603 0.4253219934 0.7498560487 0.5196856327 0.3117200096
  0.7146991996 0.889492608 0.0214056116 0.6988991670 0.0840721936 0.5259972989 0.0160762456
  0.3320593042 0.427898802 0.0484547543 0.3869197070 0.0895280677 0.8135718704 0.3771404226
  0.2330690114 0.760022622 0.0998934315 0.7991696006 0.3862922556 0.4248310083 0.1250578111
  0.2622122679 0.146708563 0.4240768829 0.6690789588 0.4105946928 0.6563939924 0.8840923795
  0.2987145068 0.972499141 0.4837471943 0.8705612484 0.3527174143 0.8851951041 0.7818345681
  0.5187963087 0.277063005 0.0447177682 0.2055501947 0.3220141494 0.5544908237 0.1431338937
  0.3682001408 0.614848979 0.9566207038 0.8666595963 0.9958310152 0.7922532823 0.1132956382
  0.9524549142 0.435479253 0.4778111608 0.0437428231 0.8853427080 0.7983754713 0.4036355335
  0.4322770202 0.203118019 0.8108088737 0.1707418776 0.3064658177 0.9833373668 0.9140422042
  0.0979560034 0.045439145 0.7722884326 0.7341906617 0.7191729637 0.7245669159 0.2264646754
  0.2291766847 0.981680328 0.7037988633 0.4137806327 0.9888352644 0.2127033433 0.4832976930
  0.3526275768 0.199966078 0.8037295213 0.1002794703 0.5631161270 0.5184289363 0.5967720640
  0.6944214749 0.333528282 0.2254681014 0.8698678410 0.1979771367 0.5659326843 0.9630912287
  0.3314027403 0.221495245 0.4154133636 0.2409287529 0.9200675486 0.6550216440 0.6115508680
  0.9362720694 0.015522020 0.2329214420 0.5519294361 0.6976064356 0.8002885129 0.0001697905
  0.6623184494 0.189795047 0.1721049689 0.1743535052 0.1487603389 0.7919835737 0.0593398898
  0.7974695494 0.922229929 0.3102214717 0.8214831787 0.0775982643 0.3684239337 0.1057662775
  0.2742801731 0.234237203 0.4162732560 0.6080182855 0.2259328553 0.0814675861 0.5265701540
  0.7883701521 0.357875863 0.9361469308 0.9796522796 0.7625025117 0.7776591472 0.1547821364
  0.7241981283 0.510463906 0.3055533122 0.0429018236 0.1987772549 0.5316615728 0.3249525149
  0.5793154111 0.387874337 0.2191702751 0.7369598126 0.4533957465 0.9260014400 0.1182703300
  0.9025426218 0.326189695 0.6776075217 0.6348917988 0.0413502025 0.7578467744 0.8155950103
  0.4131310240 0.537436282 0.4474936241 0.1555685849 0.6206514477 0.0882465449 0.9929240531
  0.8106148006 0.589370485 0.9580960132 0.1652016539 0.7877739019 0.9273695740 0.2132641045
  0.5427440561 0.921585045 0.8208468685 0.6406408225 0.5774168778 0.9358075251 0.3268899013
  0.1130805125 0.590994468 0.1165424482 0.1649455396 0.1907527337 0.7308951598 0.9114084416
  0.5638994455 0.217825192 0.1172027110 0.8585197103 0.9688667951 0.9484277215 0.8183081716
  0.2300647965 0.838247525 0.9329752203 0.1257955400 0.8973708431 0.2119418923 0.8418070395
  0.5048220030 0.008573622 0.7217797331 0.0062288082 0.3619264711 0.6986634088 0.7628690446
  0.4982630902 0.718282575 0.3513573767 0.1925077211 0.5083307448 0.9294046951 0.1207703606
  0.9862831552 0.603419432 0.9030492526 0.6647872137 0.6339844351 0.6366540493 0.3691690178
  0.3761520466 0.038575572 0.8716894596 0.3404249591 0.5239384610 0.9524509888 0.7470103903
  0.1293140861 0.122639006 0.5163217696 0.3045826864 0.6423723439 0.9602765223 0.9599031199
  0.4177746202 0.781710899 0.1527302715 0.5234926948 0.2766543125 0.3380884523 0.0464286166
  0.4392880980 0.546557693 0.2344975339 0.0645590971 0.2993930052 0.3142673963 0.0948509951
  0.6131025542 0.784291539 0.5956384164 0.8789155598 0.3909338191 0.6802116752 0.8089081407
  0.2903457773 0.323826132 0.4370596324 0.2645720221 0.1207187188 0.0523016477 0.2773110130
  0.4922221606 0.124193843 0.3913683733 0.4805918792 0.9815369992 0.2168962718 0.8289033457
  0.9702471618 0.307835505 0.5686184527 0.7717198433 0.1447971782 0.5283050920 0.4478895938
  0.8594312052 0.495718809 0.4670660214 0.5798253479 0.0537635901 0.5368489171 0.9262290766
  0.5613133533 0.011813960 0.2207766906 0.2868273087 0.0733160801 0.2612838988 0.8920080686
  0.2499842013 0.195340962 0.1742119508 0.9343983583 0.8872158140 0.3786623395 0.8769985172
  0.6265557356 0.910087807 0.3085452428 0.2286288257 0.0580295386 0.5153590857 0.4070967960
  0.2006548362 0.023325719 0.0464214037 0.5880196074 0.6930642411 0.1902306644 0.3881458849
  0.4018431557 0.154486205 0.3843112620 0.0488175046 0.5256274916 0.9494920346 0.1486264296
  0.4285368589 0.263036275 0.5651977686 0.4677267916 0.5314069760 0.9449998934 0.9232760139
  0.8061387113 0.679972222 0.8614810149 0.9564163693 0.6839847834 0.6919232334 0.2792794381
  0.1261618314 0.123209674 0.7172443791 0.5567741943 0.4250670556 0.6307590034 0.1905760919
  0.7874923537 0.682200965 0.0045567202 0.6214070741 0.9360741993 0.1702378475 0.1962336553
  0.7511156594 0.087900426 0.7167224466 0.3704798051 0.8703257907 0.9186398878 0.3748924085
  0.8429900262 0.676082556 0.2574463462 0.1289702878 0.1572630956 0.8332042254 0.4433126062
  0.6037838503 0.340517597 0.4207845060 0.2438699470 0.8636180650 0.2981354017 0.2814364358
  0.4836380912 0.606897209 0.8760066184 0.8396925882 0.3031270058 0.8904005934 0.8549942322
  0.2444300930 0.102640639 0.9749674719 0.2933959146 0.2388766333 0.4271941649 0.7123743849
  0.3513157190 0.694795125 0.6610255745 0.5981641840 0.7237815257 0.9710027124 0.1338474139
  0.8733629999 0.014310362 0.7863977071 0.8133028798 0.0765385188 0.5015705809 0.3515087691
  0.8952472100 0.797574484 0.1469245393 0.8322151257 0.6756489527 0.1332372282 0.4787887536
  0.1363124448 0.837084311 0.5111985171 0.2453383634 0.9714217359 0.5229239020 0.3065983577
  0.0884791795 0.980426027 0.4542634200 0.6480979146 0.7576179779 0.7689459689 0.1663176273
  0.4976333399 0.127138631 0.3810500358 0.2321123087 0.8329761482 0.9103201529 0.9842561436
  0.0698194449 0.197120528 0.4814648656 0.7975991581 0.0755270548 0.8680710656 0.5110434477
  0.4052144359 0.630812788 0.3230753589 0.5006649822 0.1299124084 0.7906272080 0.4253508670
  0.9037365553 0.639096624 0.0352436671 0.4217549370 0.1067076407 0.0202557914 0.1781526097
  0.0407271197 0.578690899 0.7537062597 0.8504370280 0.7652135151 0.2682743781 0.9650467765
  0.9830737582 0.896491014 0.9820213517 0.3904144957 0.6578954209 0.8508271915 0.8714206844
  0.2852229619 0.913867107 0.1919708373 0.9387099636 0.5323019610 0.0031669438 0.5707459276
  0.3987170276 0.961031647 0.2803169237 0.8822812447 0.4741476344 0.0574604663 0.9713750645
  0.7469148943 0.021015034 0.0086962267 0.0313363837 0.0983181472 0.9845953065 0.1889200553
  0.3276038169 0.587935463 0.2670229716 0.3121911716 0.5698281622 0.3665604909 0.2788940952
  0.1222435981 0.306808760 0.1406612994 0.5733387942 0.0489237220 0.4729763338 0.9082414997
  0.3220091263 0.483556730 0.7124087355 0.8639598357 0.5928557786 0.9775318769 0.5605358337
  0.6471604395 0.382259868 0.2842610046 0.0348937844 0.1190076169 0.0417288001 0.4373644082
  0.1413131898 0.897860948 0.3046061957 0.9708988713 0.5620308331 0.8467633223 0.9273727558
  0.7527611457 0.540450282 0.3346011147 0.9994233654 0.2747975355 0.8527723737 0.9385958953
  0.1460234715 0.923902211 0.8339407538 0.3586737310 0.0085156636 0.9874677838 0.7035636340
  0.0922191434 0.244294348 0.6856040191 0.8979283634 0.2117067999 0.9582863455 0.2708220800
  0.1741183939 0.558480532 0.8384801621 0.5940743300 0.9319346903 0.3997753374 0.1738332518
  0.5456063995 0.627779106 0.6745731777 0.2664928801 0.6282125838 0.9938868892 0.1379939654
  0.2609253553 0.178602038 0.7977769113 0.6191920256 0.3932198666 0.6283534690 0.7837636971
  0.2327199374 0.883916721 0.5476502273 0.4174436477 0.1569828966 0.8975980101 0.4934029713
  0.0026529125 0.232872722 0.1441221764 0.6097223850 0.9595697614 0.8819225755 0.9629774391
  0.5494600603 0.984832969 0.5766151061 0.5439493491 0.9335660200 0.3267704450 0.2244598557
  0.9791759650 0.925112653 0.8709651472 0.1528423263 0.2721458299 0.5750217546 0.3083464530
  0.6048815715 0.564788651 0.5981309928 0.8380146594 0.4893021909 0.3193304709 0.9051076106
  0.1646430200 0.222014504 0.1544026863 0.3452245204 0.4823019143 0.8543089423 0.7165764262
  0.4824491412 0.422143338 0.4126827810 0.9366710164 0.9198518652 0.0341384700 0.7594609747
  0.6667450434 0.872830962 0.0778208404 0.6834661711 0.0057927346 0.1129717407 0.3176455630
  0.5973243116 0.120746280 0.3111477907 0.6541524076 0.7063687292 0.0980295732 0.9291719575
  0.7049900231 0.174005787 0.4449082999 0.4574067348 0.9977701884 0.9160225769 0.8745866365
  0.1118726859 0.356690672 0.4236438123 0.0091180852 0.3312437840 0.6223079885 0.5089463033
  0.9317069652 0.954455686 0.6810441324 0.4583685652 0.2471462969 0.1844828980 0.2541664186
  0.0840019157 0.969214630 0.9598748566 0.2721406981 0.9405285939 0.1516065457 0.3027922831
  0.8727269814 0.672212445 0.4881380033 0.0109143855 0.7560390865 0.6711029365 0.1977037205
  0.7830618436 0.539805890 0.9709655390 0.6827567040 0.6278599159 0.6830660119 0.9584232490
  0.3101296557 0.186965282 0.0948047974 0.2825894999 0.9833651029 0.5824695277 0.4597452476
  0.7186167698 0.566748434 0.6716148778 0.0959839038 0.8232071621 0.7296305799 0.9306881368
  0.1046915068 0.865674165 0.5433632252 0.7943268770 0.2146260532 0.7946540606 0.0929688859
  0.1393997632 0.927193762 0.4305745463 0.7628682050 0.4057929765 0.0827896687 0.7572979303
  0.8090298882 0.803973561 0.9399970038 0.9594434369 0.7021673096 0.1154860791 0.3368137376
  0.7942682591 0.353457754 0.4986794180 0.0507016244 0.2339056042 0.1733091748 0.9573704099
  0.7058282082 0.821030795 0.0896752999 0.7005570906 0.1789023507 0.3165872776 0.6436524077
  0.2698107123 0.028956751 0.2979352514 0.1516125662 0.0321149808 0.0629602072 0.1160219646
  0.9045606986 0.424263841 0.2018441084 0.7419400616 0.4616767167 0.6299124589 0.2100255430
  0.3280311985 0.161634609 0.1384769685 0.6990611262 0.6311112907 0.6855729164 0.8396459974
  0.8335224933 0.229859782 0.3826896542 0.9505507017 0.7291351833 0.2288623164 0.9670721554
  0.7680882866 0.091893883 0.2300553957 0.3316084027 0.0146508780 0.1398924073 0.6297797997
  0.0562728377 0.470595390 0.9886926348 0.4663089237 0.3704556183 0.4310904919 0.2210396535
  0.1669485569 0.991318333 0.3495156928 0.5520083463 0.7083000591 0.7186509901 0.5417689594
  0.5419043062 0.581775663 0.1268039252 0.5373341391 0.6355169933 0.9015217477 0.2514400069
  0.9926271047 0.519431614 0.8993958467 0.0378732616 0.3954328789 0.4834156422 0.6936986085
  0.8926508471 0.869268322 0.6595738239 0.0455817163 0.4224790181 0.5593631939 0.9777627578
  0.5949774854 0.101140440 0.5535973253 0.0629145596 0.6446644315 0.0759599857 0.8492084042
  0.7730502865 0.317450501 0.1828679722 0.9219935416 0.5132358577 0.4440790038 0.5212329856
  0.5960571180 0.294670369 0.3639806063 0.6678252110 0.0515986069 0.6429930938 0.7108156702
  0.7560232185 0.059543750 0.4046321398 0.3248608976 0.9494635308 0.7342689879 0.2196420637
  0.8221354594 0.748811707 0.8020122449 0.9982875402 0.7160817469 0.3228087397 0.6050433388
  0.5312234773 0.042354735 0.0339812690 0.8930817602 0.1306600936 0.4327750341 0.4082459469
  0.8819279038 0.383773166 0.7585356250 0.4323177983 0.8920393136 0.9622953456 0.7171921020
  0.0783988274 0.344765374 0.8601033380 0.1202546508 0.1732945155 0.8408238747 0.6103234306
  0.9282313745 0.738371296 0.4516845364 0.9583324158 0.1090514596 0.7876962735 0.2035258658
  0.1060960691 0.999726810 0.7017014586 0.7107502095 0.9750966249 0.7439916961 0.3256481023
  0.0041449486 0.290221384 0.4878432035 0.2843221923 0.4979226141 0.4105146068 0.3837333562
  0.2389480066 0.401488946 0.7237068234 0.5830787005 0.6644920025 0.9911937850 0.7635713388
  0.9213731361 0.729148276 0.6163253325 0.5865417323 0.0823804362 0.9826845559 0.4895431622
  0.9144298698 0.216031761 0.0510486016 0.0633135985 0.1075768586 0.2033210490 0.4182891602
  0.5518019064 0.580118536 0.8851376295 0.4717174009 0.3991706283 0.8803285575 0.1304356539
  0.3487882029 0.560699314 0.6327676755 0.9926450984 0.0616642359 0.3609236637 0.3565418456
  0.4005170782 0.843576716 0.8211740947 0.2615167902 0.3147703030 0.8558575092 0.5953941332
  0.5753664281 0.773034348 0.4082649326 0.8915517387 0.2107446173 0.7880679895 0.3640315674
  0.9699965086 0.664142177 0.1763363417 0.3843092423 0.0443943761 0.7841933783 0.6489502212
  0.2165768388 0.076167101 0.3934318459 0.4658606003 0.9380686863 0.9750342689 0.9391671906
  0.7150075070 0.202890794 0.9855169857 0.8036013071 0.5124223273 0.8245604060 0.3210574141
  0.3841453181 0.374534912 0.8756203669 0.8838491595 0.0268940260 0.4802163862 0.4845634484
  0.0942788759 0.242783390 0.2655804874 0.7777977567 0.0077691018 0.3428876578 0.6667607098
  0.1236475118 0.388374090 0.0644899110 0.5635707604 0.8024522896 0.3772907435 0.3121170892
  0.2524838979 0.513770571 0.0491368357 0.1136809552 0.9773846023 0.5009554869 0.5711165575
  0.2362360479 0.227766436 0.9426731318 0.7828298194 0.1702581473 0.9234503379 0.0806676463
  0.1715058008 0.477770972 0.9994745187 0.8108352365 0.3339078637 0.8392660380 0.4814075055
  0.4781108396 0.346426792 0.3520380903 0.6530282909 0.8783815199 0.4765514256 0.3372831686
  0.4565716695 0.337685571 0.9862981827 0.2773107109 0.2038563262 0.3723938537 0.5277581080
  0.0704595355 0.749229474 0.2756111896 0.3350452560 0.8436108942 0.7169569491 0.5540682344
  0.7690313390 0.058738756 0.3530133661 0.2025169845 0.6391140630 0.8495581986 0.1105511855
  0.9354458328 0.937697079 0.5283598975 0.1672262722 0.1644333902 0.5410806716 0.2251839329
  0.8496260662 0.494566088 0.5842631390 0.8600916663 0.0720965178 0.0465661421 0.2348757761
  0.9818438253 0.128908922 0.5561462566 0.2694040882 0.4956911023 0.9801268898 0.0357896287
  0.3882774101 0.267152785 0.2430481370 0.4425591576 0.7046188420 0.9906042049 0.6755452140
  0.1839859615 0.005016865 0.6478443723 0.2225887184 0.8050536132 0.8184823214 0.3037788622
  0.4543120380 0.024505632 0.1357465623 0.5911016761 0.2543051603 0.7363755260 0.4691285191
  0.1038225486 0.604340173 0.6485743481 0.1980385471 0.9573298486 0.3082179684 0.1148750897
  0.8765338946 0.018124159 0.2763312603 0.0707287176 0.1390557569 0.9883810410 0.4026921068
  0.7401898688 0.698299781 0.0540846731 0.3326324782 0.4760142539 0.0062297032 0.6535361728
  0.6482740281 0.002465356 0.5491980032 0.8357758038 0.9346252739 0.3403071994 0.2667192738
  0.1105395530 0.543174556 0.2895981297 0.1271036770 0.2597738194 0.0126425825 0.6305761228
  0.0068746575 0.699646793 0.7637003940 0.7784823315 0.4717277569 0.8608021631 0.5484338444
  0.9382449692 0.266632282 0.6540944176 0.5628408355 0.4544938342 0.0559625488 0.3923682713
  0.3706434540 0.047806855 0.8187328570 0.8185356583 0.3294153190 0.9977646657 0.2832212191
  0.4449523360 0.613766425 0.9685034226 0.8207375730 0.8037278331 0.3706487089 0.2909137959
  0.2010678690 0.476962424 0.9465669447 0.2942169502 0.0639599520 0.0501382911 0.9359969836
  0.8961149994 0.458964861 0.4487490616 0.4684037937 0.9914694056 0.1582546479 0.4755532764
  0.5582716558 0.017037057 0.5976447325 0.2348684774 0.5378024741 0.5038858922 0.7674429421
  0.6679054274 0.524826294 0.5756331118 0.3985389137 0.7607556617 0.1026284520 0.5423248676
  0.6320347977 0.512287128 0.8429878049 0.7748315991 0.6254833068 0.5350051905 0.4192824267
  0.6683142832 0.753494675 0.6512657569 0.3013672573 0.3304480513 0.7585238188 0.4448531071
  0.9331900733 0.652747917 0.5626678286 0.9488495286 0.3914087441 0.6863951996 0.6949377155
  0.8170439323 0.800395003 0.6940503844 0.0194713647 0.8835563223 0.2809517685 0.3351478650
  0.1374628045 0.602420583 0.2125921878 0.7528508206 0.3389904557 0.3052947150 0.3961208325
  0.0616029437 0.535817032 0.3569006796 0.4494818115 0.0791432083 0.7749853847 0.7483160227
  0.2762304078 0.040321184 0.4290821849 0.2362076836 0.5712121872 0.9389501424 0.4145248624
  0.0711715407 0.521653391 0.8692321141 0.9860923657 0.9379748544 0.6527142859 0.8825182034
  0.1171450731 0.238064630 0.9147257770 0.9657385548 0.5899334303 0.0043436632 0.4426007213
  0.9911899925 0.502171954 0.6294690661 0.9275208204 0.0001559648 0.9365743326 0.3153091649
  0.8463341012 0.407612660 0.8570052361 0.4487964839 0.8337688882 0.9040922312 0.3705486682
  0.4615612266 0.188929503 0.3579265883 0.2744894298 0.9960086791 0.2820031702 0.0114699810
  0.0506388569 0.670438040 0.9370892368 0.4877121213 0.8825456808 0.1434985365 0.5055734769
  0.3116187234 0.272754598 0.6730210807 0.2479866704 0.8217227288 0.7266949405 0.0446483475
  0.7508081359 0.526250579 0.5259300478 0.8553214065 0.7139244273 0.9001765751 0.1249668771
  0.9328924252 0.563593776 0.0537241756 0.5741877011 0.4491243705 0.1524108611 0.3937975695
  0.5563147466 0.841004915 0.3731708077 0.6976730666 0.8384797143 0.0440413339 0.2437030003
  0.6696574242 0.820446344 0.5600582338 0.0206723669 0.5400035064 0.3761583764 0.4469011764
  0.6390556089 0.411289326 0.9479532232 0.4631410446 0.6791734571 0.4736108862 0.8790193217
  0.2884908728 0.157233659 0.9911532606 0.5676645821 0.2932208738 0.4305442371 0.4105772750
  0.5390966708 0.465012174 0.7760944825 0.0237804350 0.1809414496 0.4290489771 0.4705508085
  0.3349675765 0.768764543 0.5109518016 0.9062671668 0.3967079909 0.4059487289 0.3757670621
  0.5576747507 0.934921241 0.8623228373 0.1625160838 0.8629354767 0.8435668341 0.9499816531
  0.2051431353 0.486234358 0.9069308100 0.7375854766 0.7152072881 0.0051511475 0.4014759992
  0.8154063118 0.240866997 0.6262794190 0.0024584506 0.4634324432 0.3910906603 0.7779306209
  0.6220771190 0.318183234 0.5542270723 0.3518821849 0.5990525101 0.8844483363 0.1923449252
  0.5642809217 0.906977391 0.3208432944 0.4759332768 0.3875683641 0.9037875487 0.6591309342
  0.2112065885 0.920681232 0.5791841791 0.9532119694 0.6783335767 0.4842362952 0.5806352078
  0.7641416711 0.049119218 0.8408702076 0.0003627618 0.3234172072 0.6403174752 0.0064657473
  0.9181119107 0.063184092 0.7069278464 0.8486186531 0.3681692450 0.7598906431 0.6897680100
  0.4643884528 0.901221200 0.1839707286 0.4898737976 0.9131156489 0.7864503331 0.8112114129
  0.3375015754 0.425587505 0.7742461257 0.7849538115 0.9512742211 0.9782706466 0.2953374089
  0.1593845428 0.396352269 0.4418243592 0.9075186380 0.7847929394 0.5830397189 0.8093513763
  0.5442307088 0.252500163 0.9669749978 0.7204144170 0.7981304747 0.9506308419 0.2735073487
  0.5896656870 0.423008910 0.6277661266 0.0389413392 0.4910212173 0.5715187469 0.5741810306
  0.7445259094 0.190604773 0.8430340573 0.0617204384 0.2000384373 0.5112431965 0.5650897920
  0.4968878442 0.719393853 0.3403807451 0.0742879782 0.0706269635 0.3675928893 0.6822452611
  0.2959007488 0.211890616 0.0281035711 0.1029032071 0.7683974616 0.8167891560 0.7049374021
  0.2703177546 0.867890703 0.8348998204 0.8024612383 0.7713254405 0.5872488116 0.2690577977
  0.5867186442 0.256434226 0.5189927151 0.8527218640 0.2609376304 0.8157291477 0.3581256229
  0.5468121342 0.365211490 0.5296834996 0.9315490935 0.1861915401 0.1239106716 0.2923619501
  0.9622377832 0.754627551 0.2296907480 0.2570999805 0.1921224589 0.4668194900 0.2532108542
  0.6937427608 0.516290815 0.6848444292 0.8071169239 0.1269235559 0.8799584364 0.2008214762
  0.8351648207 0.533587131 0.8243326363 0.6419842852 0.7123402792 0.0510556446 0.0899226363
  0.2735974582 0.783865461 0.8878003785 0.1467699034 0.9329967520 0.4348715607 0.0735996393
  0.0446673158 0.139563686 0.4219355529 0.7029912955 0.9483627766 0.8539598844 0.7560728528
  0.0294122901 0.169562217 0.6007073445 0.3834919471 0.7345293005 0.5951055180 0.0636154827
  0.4194498352 0.963839456 0.3683866272 0.1298036574 0.8270617620 0.6432129038 0.8850182476
  0.0075568982 0.722689919 0.8350393182 0.9643477347 0.1084242238 0.5377215843 0.9332027840
  0.8799501601 0.150009752 0.5446288471 0.5226128583 0.4692897742 0.7324625023 0.0758064627
  0.9250736214 0.899477012 0.2499716033 0.7314746134 0.6174263598 0.3636919042 0.8359836767
  0.1895313866 0.585258425 0.7505713552 0.7801840290 0.0430306335 0.3948893591 0.7879452885
  0.8938638584 0.224470028 0.2691513619 0.2512730327 0.1549775471 0.7760730559 0.5379738866
  0.8070459629 0.764615583 0.3595736044 0.8921903048 0.7766326670 0.6593813659 0.0612693829
  0.3262509016 0.392878372 0.0360010354 0.3217653217 0.0957980745 0.1680157034 0.8916511910
  0.5143998031 0.121106032 0.4731926279 0.1198544435 0.3591689527 0.9092180176 0.8473690305
  0.9290336218 0.210086339 0.4946888216 0.5209971966 0.4363740168 0.2830072600 0.0198568908
  0.9204161131 0.372902347 0.4092380870 0.9425416588 0.6102636956 0.2341289562 0.4274310531
  0.5277178841 0.859141977 0.3699312387 0.9842332193 0.0158251378 0.0401728066 0.2893765439
  0.5135504566 0.824992512 0.7709118184 0.7751394253 0.8769730919 0.8347557601 0.2357057022
  0.9905191078 0.180807926 0.4754253986 0.5302687117 0.3447000163 0.0388571851 0.7249369363
  0.9345766712 0.861019345 0.2093843518 0.4128347402 0.3424795852 0.7707054819 0.5586164099
  0.6652550700 0.688652815 0.5517052002 0.6444065121 0.2180473349 0.8191624065 0.6272740915
  0.5870267585 0.541676007 0.6830927430 0.1226978448 0.2643866396 0.0789687199 0.1467947819
  0.6023527619 0.314878976 0.6699273489 0.6227388182 0.7285955329 0.9894669877 0.7056390352
  0.3870107668 0.844223544 0.4078021275 0.9729892705 0.7397261810 0.6937834981 0.7600007133
  0.6443235840 0.138853582 0.6246023503 0.4965439032 0.3287203747 0.4455294236 0.0335429990
  0.8610019083 0.095153400 0.9836685113 0.6290613719 0.7118897843 0.3532418471 0.4064443560
  0.3637331330 0.449762581 0.3833188228 0.6571956895 0.2191781126 0.5393652085 0.0967163222
  0.9466790669 0.204962081 0.1217616698 0.1218780948 0.0127131468 0.5467908265 0.3628919005
  0.5109662087 0.818337905 0.9721296807 0.6029767584 0.2443199667 0.3790100346 0.3766189858
  0.0214587948 0.712049763 0.5594993710 0.5072500057 0.9022993337 0.9745932390 0.8461069994
  0.4414015979 0.816168543 0.9870661936 0.2210646098 0.3764598928 0.4554381141 0.8725384598
  0.9084121331 0.348284255 0.8687742402 0.8998885057 0.0786900959 0.4986048617 0.0701850315
  0.8572368572 0.079655911 0.4190885291 0.6891335331 0.5208899124 0.7962900368 0.6358784552
  0.8676321056 0.593857411 0.3615654224 0.4617290980 0.7755571620 0.6173565893 0.6191069814
  0.6841040451 0.369428762 0.9447571362 0.0972791218 0.2619448024 0.6278680556 0.0837333073
  0.7435699980 0.595284817 0.5463437067 0.9969099534 0.7908250911 0.2916936019 0.4127194584
  0.7952591309 0.153484751 0.8884980116 0.1145325173 0.7466947512 0.1771920829 0.8120712523
  0.3580872051 0.671248412 0.1431109142 0.9154697734 0.5584292165 0.3866728158 0.5614040238
  0.8434359127 0.201517623 0.6231115331 0.2485701603 0.5454902009 0.5771744084 0.2300043463
  0.0159609878 0.730033315 0.4281577781 0.5875200611 0.8957359919 0.5330653426 0.7138705842
  0.7992325713 0.319890986 0.4921800304 0.9012487345 0.0361027086 0.6925539873 0.2125204903
  0.1219466457 0.230290818 0.2565358595 0.0419816808 0.6949059457 0.4331164629 0.8731266982
  0.4895312242 0.148828608 0.0205549870 0.0725392925 0.2509434396 0.1042788198 0.1876526436
  0.2576547678 0.304250969 0.8639600456 0.8161768612 0.6070812999 0.3202767971 0.4317081000
  0.0100802445 0.518510288 0.5632126717 0.1862156301 0.2849658647 0.3373326306 0.1123241118
  0.6877401758 0.126677059 0.7915191381 0.6278215943 0.0039384697 0.7638608985 0.0294445653
  0.7540977554 0.288340104 0.7158685843 0.7134577572 0.8747984268 0.8895676930 0.1275130785
  0.2216233943 0.074926062 0.8667403389 0.7514637798 0.4129991084 0.7159783092 0.4344141882
  0.0640371353 0.207696872 0.5140227444 0.2952409115 0.2090383484 0.4904195985 0.1392559329
  0.8219075022 0.039081883 0.6134005173 0.5216851872 0.6373984545 0.4136597892 0.1830356356
  0.3195132180 0.176572043 0.1856530097 0.6104357611 0.8109407209 0.2181902499 0.6477593049
  0.2633092015 0.763045761 0.8969068137 0.2909098382 0.8069245537 0.8599436360 0.8702955974
  0.4257526964 0.454505825 0.9509864646 0.4162930400 0.1146536756 0.3159993258 0.8551663971
  0.9113316126 0.862048421 0.7321436348 0.6465323091 0.9849652898 0.1787242034 0.3208404008
  0.9618068488 0.819753970 0.9646970891 0.4201281340 0.8110596170 0.1665970511 0.3194217363
  0.2474939465 0.779843012 0.0390472870 0.3397586112 0.2071601853 0.1176866241 0.2681723212
  0.7632941010 0.251728427 0.1284080620 0.3056201291 0.7635023874 0.0892067841 0.5875030808
  0.4882331452 0.848602980 0.9103114893 0.9409363810 0.5102053717 0.9648567849 0.6409368981
  0.1564316883 0.105612615 0.4958084657 0.3146581232 0.2050449876 0.1728930563 0.0047569482
  0.8039414185 0.924507257 0.3904824446 0.5901385050 0.0932598489 0.4096379987 0.4555524294
  0.2505688603 0.993450203 0.9351495026 0.3791037356 0.5723097784 0.4426517903 0.6284507108
  0.5063628528 0.635987019 0.5416424202 0.7830802226 0.6670256228 0.5494247630 0.7238307748
  0.8398201687 0.942637369 0.4979194180 0.3538481798 0.8194992418 0.0070473144 0.9949345398
  0.6587350062 0.874046692 0.5882398572 0.4705009578 0.2367810104 0.5420017381 0.9448695994
  0.8203084577 0.945073961 0.0264491536 0.4016721213 0.9272452403 0.6144670948 0.7993825039
  0.9958250816 0.570834513 0.9282005191 0.4349175096 0.5445530501 0.0832980535 0.7656282596
  0.9711038088 0.085706874 0.5551511131 0.6925398495 0.7317515675 0.8659071024 0.1853897550
  0.4738335461 0.661840053 0.2611334924 0.3699783575 0.2956059477 0.4392873208 0.8979622257
  0.2588937238 0.065347724 0.3220334604 0.1667618339 0.0718458589 0.4039538501 0.6737346902
  0.3021470199 0.733215563 0.1315516866 0.7791078042 0.2917670102 0.1490786036 0.9169384036
  0.3009404369 0.078640791 0.0475690656 0.7633124837 0.3114199742 0.4588220693 0.1675854009
  0.3186845053 0.269132165 0.5916878409 0.1905660974 0.6325256567 0.9924456225 0.6412493230
  0.0286796461 0.594592505 0.6371498096 0.4315371655 0.0247958428 0.5503263591 0.7863285679
  0.0167012127 0.309541716 0.6647913821 0.3804818898 0.1659535943 0.1834138097 0.2116001352
  0.0552997214 0.010826997 0.3878541818 0.8269818241 0.9859317801 0.5533436412 0.5566557397
  0.4213461811 0.498923375 0.0782349112 0.6915188599 0.8562836280 0.6197719974 0.6909385999
  0.0826160240 0.415824909 0.1137953192 0.6257049439 0.6667629280 0.8287341918 0.7335864204
  0.1626262638 0.653834209 0.9521712064 0.2502066926 0.4289809581 0.7281557945 0.5932664966
  0.9647306011 0.509166275 0.7660706599 0.1974101574 0.9745514718 0.5072890073 0.7396183708
  0.3464288416 0.932239363 0.8490413967 0.5141672391 0.0408480208 0.7050398438 0.3415667448
  0.4359551753 0.772495243 0.0561132827 0.9022793098 0.2880267902 0.1317451420 0.6020385175
  0.1280815074 0.484095831 0.9237586723 0.9666258093 0.5305683120 0.8647578705 0.7841045176
  0.2825741182 0.575652137 0.5836828431 0.3646229347 0.4449063494 0.7440795491 0.4237932983
  0.6818483412 0.576831442 0.3167894515 0.2062258246 0.3669262324 0.1062169752 0.1643536356
  0.5852332759 0.523106188 0.1737012840 0.8159401923 0.3562570284 0.7215172728 0.7741337401
  0.0863414138 0.863743571 0.5736235013 0.6931692413 0.6893881201 0.8694143448 0.7024777746
  0.6003989891 0.457805547 0.6285895946 0.4282785514 0.6536325649 0.8051897334 0.5061010050
  0.0872544827 0.162188669 0.5321517342 0.6042457934 0.0833468377 0.3483687098 0.5072610916
  0.3935690618 0.278960811 0.6923016698 0.3572104383 0.0801111523 0.1863889640 0.0267373956
  0.3163334827 0.354326341 0.1420907210 0.6280222534 0.6234584546 0.4788416844 0.5338475603
  0.3625760971 0.184656221 0.3763337068 0.7328405414 0.1434786946 0.1266708381 0.2052202819
  0.8824513262 0.054040766 0.2214906408 0.5251740804 0.5531970774 0.4823528998 0.1086240322
  0.9175588141 0.165106512 0.7816967882 0.8855144312 0.8966747067 0.3249094157 0.3180550912
  0.8196867366 0.529150242 0.0529045504 0.7456950124 0.4313264876 0.9062673097 0.9316921411
  0.8080805479 0.341949911 0.0098270310 0.4563517293 0.3586897558 0.4063913379 0.9662028178
  0.9770711335 0.328251695 0.4616236208 0.8438659644 0.8142711937 0.3958259734 0.1283209613
  0.8809960639 0.629653422 0.4251246823 0.8279360239 0.5565784487 0.4175379529 0.6445031223
  0.2228368781 0.678068125 0.6656612979 0.6267161435 0.4262985419 0.7690788672 0.1363796846
  0.4033883984 0.480897118 0.9205658388 0.6423000172 0.0600472372 0.7713664927 0.7096051543
  0.9427613073 0.902966202 0.6666061932 0.3463507476 0.0097033537 0.1300365089 0.8191170012
  0.6052621746 0.789573235 0.0810629644 0.1839120920 0.8728554754 0.5207524065 0.3595388915
  0.6992386250 0.658927393 0.2460880004 0.2914847925 0.4554165363 0.8639910145 0.4873544933
  0.8919812374 0.713635502 0.0989787632 0.4991536708 0.5183291808 0.4702002750 0.0092694207
  0.9674228485 0.000929295 0.2382906425 0.6145025725 0.2696313815 0.2946002541 0.1768679992
  0.3815480987 0.373729450 0.2919690577 0.2233476600 0.9162947073 0.0326254161 0.1624531353
  0.0597438676 0.790943806 0.7772254683 0.4989545698 0.3278794223 0.8981651058 0.3856126881
  0.2544595590 0.732335204 0.8312558037 0.7294411001 0.1163791724 0.7790713106 0.1607363929
  0.7987859314 0.796224449 0.0709264145 0.5112062960 0.8290277793 0.3467643620 0.6554966300
  0.8283397685 0.888996537 0.0439244923 0.3788244636 0.5648865887 0.2323275684 0.8688632642
  0.4161642884 0.098439213 0.4964546802 0.8333630504 0.6916851499 0.6512314781 0.2279217572
  0.7772562738 0.377432988 0.2735792573 0.4261628870 0.0656634578 0.5601201963 0.2931263292
  0.7164488561 0.936322860 0.8784728979 0.2962202393 0.5500833869 0.3185074974 0.8837738362
  0.2250510877 0.710668141 0.8058655455 0.8955932400 0.8442690154 0.5634480851 0.6573253440
  0.4521581531 0.208484639 0.2947959451 0.0734804675 0.5335446836 0.9338568864 0.5970993670
  0.9820612637 0.514311272 0.2726434947 0.5805752068 0.3816783893 0.7610687067 0.8166571437
  0.7112260025 0.271305343 0.1279378903 0.6627143165 0.6982490663 0.9190227442 0.7739214976
  0.3950812828 0.739371855 0.7342848356 0.7041710730 0.0689032935 0.3514554332 0.0743367703
  0.0128011222 0.468568882 0.4531597935 0.7261466224 0.6488511679 0.8086790207 0.9092503029
  0.2937525562 0.692180606 0.2428143799 0.4918458971 0.6863038192 0.8913484242 0.8141194036
  0.6556834049 0.109909503 0.8043967996 0.9041727766 0.5269402253 0.4874863946 0.3135966790
  0.4335895443 0.746889530 0.7371278016 0.8286026916 0.6659083421 0.7513306535 0.5233541285
  0.8634356762 0.261785976 0.4178344026 0.4119751874 0.2026281137 0.2959736823 0.6128256409
  0.6980113213 0.569004490 0.9126003093 0.8618043982 0.1638064193 0.3523531439 0.1911259835
  0.1497492748 0.430157521 0.8947072573 0.5773110777 0.2756700667 0.1270193919 0.9567156394
  0.4846735696 0.428346336 0.2797688432 0.0282043866 0.8261006252 0.9724502157 0.5760707218
  0.4665891290 0.218102945 0.1945163928 0.2564473568 0.1466938344 0.1858608528 0.4156379567
  0.6101066290 0.106500161 0.2786999567 0.4976755799 0.4775838220 0.9149410217 0.7203193852
  0.7701915275 0.836075991 0.2922940927 0.7277167752 0.9287844348 0.3102485880 0.1610751584
  0.9277327489 0.400316953 0.9555490730 0.6851074180 0.8348291633 0.2657884473 0.5281467418
  0.8294225161 0.774569952 0.1378733075 0.4553157382 0.2838699054 0.0655519042 0.9348029107
  0.5932233287 0.363733019 0.4620886076 0.6558385933 0.2325693527 0.2783110994 0.0328314353
  0.3445447189 0.542413010 0.8472027204 0.5350524850 0.0228792042 0.5642092444 0.1998792063
  0.5911150191 0.646977188 0.0655694569 0.4062392696 0.2635738941 0.0631209956 0.2949175303
  0.8581636704 0.254147358 0.1719748427 0.7550249333 0.3977208133 0.6642556070 0.7454353085
  0.3363981871 0.892921156 0.9893411256 0.5712812696 0.3088672274 0.8016776672 0.9176593414
  0.3404293191 0.114055118 0.9530043073 0.1585716411 0.4133510980 0.1984503082 0.8886491447
  0.9007606364 0.302158286 0.4360528234 0.6525318263 0.4081590296 0.4156533638 0.9641496002
  0.2929281053 0.771743038 0.2165697496 0.7189699967 0.4930986414 0.7116848115 0.9999498622
  0.0410727978 0.376849626 0.8656744574 0.3060931296 0.8206359003 0.5472410423 0.1635943102
  0.6239352004 0.419073447 0.5365156886 0.3687406539 0.9868134216 0.6944814408 0.9557429035
  0.5225945294 0.582797180 0.8536400246 0.4305609816 0.3045322947 0.0584265662 0.8208606698
  0.6360294037 0.258967461 0.1586565404 0.7177684103 0.5070300485 0.3274120983 0.9539072372
  0.2871822091 0.445898026 0.9978897085 0.4908941484 0.3056879230 0.5886548887 0.7509758219
  0.4108226106 0.399124877 0.8905656098 0.0600862332 0.9244328027 0.0686401406 0.6655808297
  0.2357258662 0.351404009 0.8732611128 0.5618579523 0.8578742198 0.4239703660 0.4634149609
  0.1697555823 0.360352872 0.6363634511 0.6767035652 0.9419473567 0.7812835440 0.9061273526
  0.3436198632 0.610906813 0.1883821410 0.7961381689 0.6407760082 0.0771479398 0.1553222573
  0.7484718278 0.549571495 0.1968502091 0.4043021460 0.8491749671 0.5935956222 0.9210737603
  0.2091629085 0.914184656 0.4744521048 0.9231316161 0.3533307118 0.4041121986 0.7552168567
  0.1967580667 0.205870110 0.2153860279 0.1115906512 0.6053436652 0.2448542786 0.2562275796
  0.3132085110 0.155104368 0.4227437050 0.6609760788 0.9302000736 0.7786945198 0.4130489535
  0.6156108963 0.355873002 0.0413402191 0.0793797821 0.8015204548 0.7207099282 0.7724221561
  0.2377224448 0.462220352 0.5961659630 0.5282076164 0.7696189439 0.8585673630 0.4678575399
  0.6519513742 0.402628891 0.1031178666 0.5410837508 0.6414036077 0.3308179086 0.5598336903
  0.8972554669 0.885845235 0.1975226374 0.2279999560 0.1115704888 0.1424503149 0.1891487605
  0.8661166050 0.876789131 0.8824249239 0.2545810895 0.4144112846 0.0434185020 0.7353779997
  0.5887581675 0.997256543 0.3151367690 0.1886469295 0.3200907833 0.2421537949 0.0157792596
  0.9598380558 0.550069844 0.9334921183 0.4520777234 0.6684929231 0.3455145100 0.2094632190
  0.2453212961 0.971746446 0.3434934335 0.1264592890 0.8316787699 0.1299383924 0.9878586852
  0.2860014217 0.488755957 0.2861979572 0.4362935733 0.7375352474 0.0234274859 0.3617397224
  0.2792960415 0.420000393 0.9112006746 0.3222871609 0.1814528765 0.3971712221 0.0690160751
  0.1517312074 0.345104868 0.1080169064 0.8657205935 0.8685556192 0.1806598602 0.2981527111
  0.2655071298 0.947610311 0.4263711593 0.2991340103 0.9260358795 0.1485257580 0.2866187832
  0.8321060490 0.852462581 0.6107195136 0.3562423599 0.3245924916 0.2468379762 0.9107703996
  0.3380718329 0.006885208 0.3265038040 0.8949474489 0.7952316575 0.4370024992 0.5250889346
  0.3793506079 0.453045300 0.9133408194 0.2419588464 0.3494109524 0.6899570089 0.1574635855
  0.0002956928 0.371175392 0.8378476796 0.6053774306 0.3198582222 0.0809615387 0.3524230182
  0.5722491264 0.027872826 0.4067850206 0.8642103134 0.7995365771 0.1619136569 0.5136707186
  0.9069552661 0.944163629 0.3240044014 0.9445059380 0.0852004613 0.4606189035 0.5470375136
  0.5385528504 0.440787358 0.0182278706 0.3679501849 0.1346141797 0.2518406292 0.6076016144
  0.2284435990 0.952027857 0.8073162636 0.8305051869 0.3125179123 0.1132032242 0.1989428454
  0.6543839645 0.735500407 0.4032131278 0.1327755795 0.1662499333 0.0678911573 0.8507652008
  0.7226927741 0.851976470 0.0588581366 0.1043378738 0.3097936707 0.0797098612 0.0179349014
  0.6780397900 0.149354388 0.9150446067 0.5013055261 0.3834013834 0.0999716336 0.3824700050
  0.9729820798 0.072303458 0.2021696775 0.8259985172 0.6735784506 0.6067630709 0.6589441642
  0.2482142391 0.490249689 0.2832513400 0.0833610212 0.3658656499 0.5242356343 0.8562142503
  0.9560152806 0.077420808 0.0159429258 0.0364594619 0.7146306454 0.4416974191 0.6566289143
  0.2834546850 0.075388127 0.7686585562 0.8224933967 0.1749509517 0.4213743200 0.3536070630
  0.5352477216 0.273378294 0.8157648071 0.0595796629 0.9115686095 0.3935873215 0.7910057975
  0.7850535858 0.557361376 0.0686171704 0.5705285094 0.3471642181 0.2068080279 0.7157026147
  0.4454981068 0.493784781 0.6804457434 0.2871137972 0.4720123836 0.7624069139 0.8105308552
  0.8042165581 0.946375768 0.1509364257 0.6391819486 0.6304389453 0.1241190834 0.2159008878
  0.7620740211 0.308093745 0.4339943781 0.2920069661 0.2859330153 0.1106564595 0.3451609558
  0.4799651910 0.520263621 0.6209251205 0.5924316687 0.3405613987 0.2371627627 0.4858225018
  0.8369648595 0.159019209 0.5578059131 0.7573488223 0.7180368940 0.1289623813 0.6385262171
  0.6903100430 0.666314328 0.9545497470 0.2042403203 0.9431156786 0.8668054991 0.7703168013
  0.4945856112 0.642314049 0.7226814358 0.2814686541 0.2307941978 0.5130584715 0.2397040607
  0.5811567186 0.767942334 0.4059687629 0.8629360512 0.6022621163 0.3288057294 0.5048303441
  0.5324114415 0.497844912 0.5501692914 0.0863386817 0.2377195403 0.3826899270 0.9188015167
  0.9418683732 0.660631832 0.7657673833 0.7594241437 0.4839069732 0.2489968791 0.5160352452
  0.9443374653 0.125971446 0.4651028950 0.9293235554 0.9994882935 0.7081496936 0.6496432295
  0.8002818826 0.352679817 0.1902068479 0.1638280941 0.1766479155 0.4679467594 0.5990478446
  0.0260621261 0.315611954 0.8262018859 0.3261985528 0.9588516988 0.2965697879 0.5649818496
  0.4024451841 0.179428279 0.6552781101 0.7937521112 0.5389959385 0.5431775903 0.4928705173
  0.4861955701 0.955029206 0.2711649718 0.6948506448 0.1996075412 0.2662676539 0.3423146076
  0.3858880499 0.168847809 0.7051045817 0.9734371627 0.4327623706 0.1408711681 0.8646202791
  0.1485409578 0.611863740 0.0699735213 0.0043171524 0.6993238269 0.7411888092 0.4574077213
  0.1766652011 0.740905819 0.1668190361 0.3444212950 0.1899308239 0.1790175928 0.6031867183
  0.0992291619 0.959998396 0.6438866915 0.1242351425 0.8043499103 0.2776099633 0.2447169436
  0.2432174675 0.617826306 0.3752138493 0.2972347925 0.9451425670 0.8704721668 0.9031651100
  0.3976185518 0.675984372 0.1020451930 0.7544405603 0.2227459017 0.1368522335 0.2870009960
  0.0751419798 0.655761467 0.2586592377 0.3487732834 0.6801641136 0.1749204041 0.9724310202
  0.4933349629 0.517926923 0.4769439590 0.2789553628 0.8253001804 0.5851262021 0.4944518510
  0.3396802730 0.916798144 0.4409720577 0.4005854850 0.1237147852 0.4634954373 0.4480903812
  0.0836424663 0.507025921 0.4314978694 0.3084581327 0.8866316640 0.5051799053 0.4059432280
  0.0175455515 0.412710026 0.1512884512 0.0664172816 0.4858532241 0.4013156059 0.6762331039
  0.3255312357 0.853059861 0.1453650257 0.0767808879 0.4021314740 0.2044087667 0.4600282166
  0.6794806685 0.321743499 0.7541486889 0.8599008705 0.1323252826 0.5239002496 0.3400696257
  0.1720872641 0.762576160 0.8128564659 0.4952451814 0.3104687964 0.9553460576 0.7325422739
  0.5213987726 0.720211783 0.6985252177 0.3205970158 0.8419700583 0.5812060624 0.8756826604
  0.1531183352 0.929878513 0.5810357438 0.2017777860 0.5194102523 0.3128328892 0.6711698288
  0.9409483638 0.343379286 0.4452256391 0.7981134499 0.8717227489 0.5528798235 0.8314037967
  0.1335884299 0.143004034 0.7921687059 0.4278792037 0.3414612844 0.9345545075 0.6005363677
  0.4409961540 0.386254246 0.0717236853 0.6844356712 0.9440035683 0.2558515950 0.3896457121
  0.2973150923 0.090035595 0.4551479972 0.2603506119 0.3794733422 0.2107076114 0.5109493785
  0.4129749856 0.479784050 0.5529022902 0.3337032659 0.5827035341 0.0965900711 0.2503937697
  0.5684416780 0.406726575 0.3096231438 0.8460125911 0.4672133881 0.0531564742 0.9401005811
  0.6305920316 0.707282217 0.2270981839 0.6131396760 0.7100536531 0.6244598521 0.1228059959
  0.7136653757 0.716597521 0.1395536662 0.5195462187 0.9154619156 0.4611911363 0.3391251934
  0.5016567271 0.100065147 0.1499052751 0.8750290710 0.2536374811 0.7143378494 0.2463717632
  0.7789441020 0.031229011 0.3352120752 0.7958317876 0.0283635663 0.3339944162 0.1588108281
  0.9893541021 0.456190082 0.8281538949 0.1333108349 0.8071862494 0.8124618321 0.4530804084
  0.1057303900 0.525892125 0.9967605232 0.0176813349 0.8645618555 0.4485596575 0.1800452469
  0.9373852533 0.141614908 0.1538954596 0.8776602596 0.5354827643 0.3500336802 0.8663209333
  0.8838180808 0.814066445 0.4148817490 0.5158593498 0.6825296201 0.1652861003 0.7214045686
  0.5801547073 0.978762886 0.9278218901 0.9859403282 0.3437616946 0.2339892279 0.9436217344
  0.6010719277 0.752192534 0.0452888415 0.1758402567 0.0648411844 0.1949285706 0.7429535135
  0.3909800621 0.799903784 0.1001347261 0.2830462560 0.8583940961 0.1931731077 0.9805046458
  0.6191180565 0.847443568 0.7902904840 0.3478711643 0.6165893371 0.3446039885 0.0936591640
  0.7178305097 0.231214679 0.1189859874 0.5577643260 0.7949878668 0.5610101874 0.8432461926
  0.9531393814 0.703251813 0.7600021776 0.0084606447 0.7806074078 0.5797025109 0.4175159490
  0.3895464938 0.191224177 0.6155618654 0.5609958874 0.7250962924 0.7253577571 0.6139996982
  0.7010016723 0.908680001 0.5618709588 0.7730962064 0.7704088381 0.2851164596 0.8672907686
  0.3146829145 0.361962462 0.6709731334 0.5034472186 0.1603885978 0.4434027377 0.4507972698
  0.6600478241 0.815294508 0.0825510858 0.3963518968 0.4798323397 0.2171712590 0.0031692277
  0.0773013951 0.300311692 0.7381848091 0.1088036963 0.8136026686 0.0868647846 0.4353823146
  0.7028513636 0.089802500 0.6969935688 0.4297688629 0.6766909514 0.6600828213 0.6211507309
  0.7423129714 0.787060650 0.2032209892 0.5955729388 0.3809573121 0.3290292348 0.2371109159
  0.5986249610 0.140678510 0.5215712419 0.7903433966 0.9675738043 0.0972457629 0.8400855797
  0.7263405958 0.214092376 0.7489554283 0.9559587832 0.6132768503 0.1632690753 0.0431307664
  0.5625474817 0.050055969 0.6897628476 0.7238337199 0.1130583079 0.5068594362 0.1707806178
  0.6118811060 0.487517322 0.1249926588 0.1687063800 0.0593345437 0.2676300612 0.9810054956
  0.5378904036 0.669724487 0.2525956181 0.1593213636 0.9621352102 0.1417298751 0.3223942338
  0.1300296619 0.527032088 0.1252481031 0.2375118459 0.6952203630 0.5977082726 0.6882248287
  0.0794943081 0.501821046 0.7834941949 0.0392111969 0.7818612252 0.0426418226 0.0589706786
  0.8754084056 0.144393811 0.1864978598 0.2680591841 0.9292216930 0.7350995134 0.8327488286
  0.7219241658 0.220310367 0.6466904480 0.6581312066 0.6928725357 0.1460749745 0.2284744092
  0.0135674562 0.342566541 0.6218582188 0.3940409840 0.3347767696 0.1476214031 0.9869149023
  0.2104275879 0.193042560 0.2050110905 0.5386088054 0.8596291310 0.6449890318 0.6391305596
  0.2171888801 0.434953911 0.3253592708 0.5466067688 0.8369956208 0.7027653082 0.8897208476
  0.5092309000 0.132886889 0.3805830992 0.8230539960 0.1916044884 0.4389501583 0.2853370201
  0.7579718477 0.547050759 0.9043034168 0.1312523831 0.1619099079 0.0335108224 0.3660623771
  0.8130407047 0.385168659 0.3888856163 0.9762657544 0.8998724804 0.6473222412 0.3072049609
  0.5477728640 0.384694184 0.3968719391 0.8240955298 0.6128550439 0.1057414913 0.1695733636
  0.0200029000 0.656741926 0.9952362355 0.5269906456 0.1425438214 0.6799964414 0.7546003960
  0.8348506137 0.379423739 0.9191108065 0.6752091016 0.5060197492 0.2229811359 0.3501045476
  0.1853375853 0.250501540 0.4271430234 0.1491765656 0.2702438044 0.2140177510 0.7851375590
  0.9689279820 0.096029056 0.1807044955 0.5279365068 0.4626095535 0.4351727763 0.8789392239
  0.5126515324 0.948777552 0.8591760623 0.6658533961 0.8988848120 0.6394814719 0.4905987562
  0.1571582895 0.756242921 0.5386322529 0.7121618832 0.4298155431 0.6627550015 0.8056607339
  0.7758527039 0.262633792 0.9693114549 0.2206503945 0.4751194334 0.4191084478 0.6525050860
  0.7718110157 0.327265721 0.4575804691 0.5936657574 0.7263848646 0.5482304386 0.0780411501
  0.0575602475 0.766823842 0.7643701658 0.0578360163 0.9393195281 0.0246022662 0.2639924559
  0.6496357547 0.811485697 0.6312017246 0.9689753310 0.2878488828 0.2095754462 0.8216744817
  0.6149157155 0.842718161 0.9450024635 0.6560311898 0.3849299073 0.2497288132 0.6916864034
  0.0386905628 0.882018039 0.7427044707 0.3364805772 0.5956356695 0.0704841836 0.5356577760
  0.9984832348 0.452634372 0.4322218634 0.5722145629 0.5745535781 0.4717447339 0.3098202954
  0.8881967198 0.809055563 0.7438373969 0.2585699884 0.8894519317 0.7012390817 0.7282272355
  0.1655565447 0.966465129 0.8790933891 0.1570228188 0.6692343804 0.6377852065 0.8244572226
  0.6777568337 0.640998447 0.0148866602 0.4379823113 0.5870589854 0.4934491993 0.3651237490
  0.2262008958 0.364007533 0.9244623352 0.5187698036 0.4002369140 0.0166392069 0.6013000323
  0.1315129897 0.500723239 0.3778983139 0.4158687697 0.7446699894 0.4120004257 0.7685636167
  0.1275388575 0.776538888 0.9023318344 0.0460812813 0.8657282942 0.3231146634 0.4048932832
  0.3084323639 0.331231167 0.5673171440 0.4076221477 0.4233704040 0.2841509548 0.8387074042
  0.4581620390 0.717077857 0.2222609058 0.2551040543 0.8610821014 0.4264797132 0.7405224061
  0.2418390813 0.737346282 0.4528591323 0.5827169147 0.9172713358 0.0304039199 0.8332132875
  0.8689886975 0.726896164 0.7275134359 0.2105843802 0.7229259975 0.3924490813 0.8049216971
  0.4916891751 0.769204851 0.0924254077 0.5311420263 0.7558206827 0.1535843551 0.6997723961
  0.6561361616 0.856993226 0.4904904539 0.8817509738 0.2319268528 0.4498785685 0.4210656708
  0.7581774698 0.293422010 0.3133866789 0.3655418900 0.6561268796 0.7484166388 0.7784760111
  0.4157128492 0.584917430 0.4915562767 0.5547338853 0.0165112977 0.5273551674 0.5790200110
  0.6286349600 0.366498042 0.9650456216 0.1377909704 0.2941824322 0.0925407834 0.6207831494
  0.4706766227 0.758949867 0.1042193237 0.5452870023 0.6528672451 0.5142989672 0.9798431928
  0.0343791830 0.370765417 0.5203082890 0.0240800094 0.4969088899 0.3347659920 0.6226391833
  0.7595136063 0.782895201 0.3456611602 0.4823277771 0.2622745723 0.0273619129 0.2149390394
  0.9195706323 0.236769451 0.0166098131 0.2750775416 0.6184645959 0.2793645723 0.7962126115
  0.6643022063 0.295082507 0.7095828039 0.2037166738 0.5219010774 0.0027348885 0.6720192467
  0.8564627090 0.182119584 0.3371294974 0.2396344854 0.5095693721 0.3438207726 0.9045635850
  0.6857556409 0.336204333 0.7673754685 0.7304403536 0.9930557072 0.3641135850 0.4623968737
  0.5163403175 0.725848150 0.5126846526 0.0350651463 0.8427809076 0.0196562798 0.4740165506
  0.6891984273 0.528087281 0.6188792659 0.4096409510 0.1681069294 0.5946760980 0.6269673549
  0.5071498917 0.992148905 0.5397843683 0.6232641962 0.3693794593 0.0354427511 0.4610288067
  0.7239971480 0.994999654 0.6526444294 0.3898761237 0.9009728089 0.2604574498 0.8306128335
  0.4628832493 0.788501165 0.5934226954 0.9259453518 0.2730087699 0.1180448100 0.2310021548
  0.5664961511 0.330595327 0.5019005619 0.7058292207 0.8541161114 0.2270709946 0.5869458579
  0.9093598869 0.884474860 0.9619098881 0.4884505869 0.5486676114 0.6780298972 0.5852132005
  0.3302945880 0.441783739 0.1071835761 0.7475347565 0.7438799249 0.2767243221 0.8375905456
  0.8315576234 0.607746593 0.8869443432 0.5084683314 0.2401995187 0.1091339461 0.3901489517
  0.4206711983 0.654168075 0.7284758734 0.1359331206 0.1628630746 0.1591440934 0.8078064359
  0.3747794238 0.166721451 0.9498415227 0.4853549419 0.7893619496 0.2206527433 0.9013106634
  0.9164638361 0.709756700 0.8231259857 0.3879830016 0.2961153792 0.5573202769 0.6098574484
  0.6400328218 0.691462856 0.5190761865 0.5050669196 0.0134243142 0.3715825094 0.8017200825
  0.8403030625 0.223456068 0.5221185779 0.6879299322 0.8309137292 0.6345482185 0.3818756653
  0.9764502024 0.791827019 0.7962274722 0.7814952787 0.4656244272 0.4117992485 0.2063414592
  0.6161284626 0.389295614 0.4383739762 0.7537976187 0.1274536972 0.3844582292 0.5003652534
  0.5237852055 0.544951358 0.2177672243 0.6497521073 0.1258934087 0.1752018493 0.5532838507
  0.2619343216 0.431227297 0.3309332049 0.0329108916 0.5739167882 0.4201334048 0.4369380501
  0.5991158678 0.858162359 0.2247055667 0.4749047325 0.5686101392 0.6582540160 0.4766821425
  0.4720081251 0.786254955 0.7448863060 0.3168792164 0.3946888818 0.1440146330 0.4959165975
  0.4471517040 0.574042275 0.2748911321 0.6810825934 0.7785371828 0.3110943992 0.5672993086
  0.6330499909 0.751257305 0.4999456234 0.6470634871 0.1872288297 0.3551553190 0.1720736480
  0.8012451244 0.446753272 0.2311015529 0.3606452609 0.3540031641 0.3699009405 0.3790721587
  0.9946414821 0.734913277 0.4662129584 0.2387625789 0.4984832422 0.2479042572 0.7265450393
  0.0954970336 0.912554400 0.9604745842 0.5045914022 0.5678135498 0.8099504583 0.7004650030
  0.5435281135 0.170559102 0.8008883108 0.1605227073 0.7016177669 0.2383474770 0.5683097159
  0.7325405446 0.325990891 0.5409232568 0.4869952738 0.9097916862 0.6465445662 0.6453090461
  0.5767851501 0.551546505 0.3068044780 0.2266075082 0.7860121764 0.8029997437 0.7886660746
  0.0273180867 0.316968159 0.7319404840 0.3886856320 0.2457314990 0.6849066632 0.7443456370
  0.7095352984 0.461346154 0.5850596977 0.6182838409 0.4683694716 0.0768392714 0.0867823733
  0.5650610695 0.854381341 0.7577930181 0.6306862798 0.9216824165 0.3016513330 0.6782991143
  0.2774937622 0.573118238 0.9386254650 0.2735401508 0.7511914362 0.2631396650 0.4801888645
  0.3663080545 0.693904761 0.6058996043 0.3555451025 0.4602699716 0.3313089834 0.1173257727
  0.8994494092 0.600235167 0.5301623925 0.5668821263 0.4175929149 0.2020389633 0.3301444907
  0.3805747401 0.279263322 0.8746780012 0.7500051817 0.5801673713 0.2584366601 0.9758248690
  0.8860182192 0.933960966 0.5277025286 0.6593722624 0.3251683040 0.2136224299 0.5821667159
  0.5364545774 0.474616137 0.3864629898 0.1480152158 0.4701164902 0.2507255041 0.5099222718
  0.3063701248 0.287091062 0.8256494147 0.1798106880 0.6198878372 0.0482384998 0.7278886771
  0.7961349658 0.505476632 0.7466435145 0.1852474124 0.6219205641 0.4468911176 0.4293681799
  0.4951560340 0.894497555 0.5722968094 0.4731046689 0.6015864662 0.3564528082 0.3332709376
  0.3725406920 0.616053034 0.7107649886 0.2094758305 0.9631184592 0.1254848740 0.8771536415
  0.1752382812 0.919991988 0.6768188609 0.3920211456 0.0025629895 0.2291907971 0.6349251153
  0.8021564907 0.289172641 0.6459935038 0.6075122833 0.7381290773 0.4073846409 0.7895470409
  0.9266900189 0.689192791 0.4026452289 0.5696255018 0.1151338209 0.2620171496 0.6709790791
  0.7558763455 0.511517310 0.8675288107 0.3375843226 0.1845254474 0.3656813129 0.7518395067
  0.1905990871 0.795236445 0.7339401896 0.8360107101 0.2862252282 0.3020526317 0.9423354992
  0.6129788344 0.793621276 0.5378374068 0.0515997312 0.4814297243 0.7317208162 0.8948361581
  0.2516081036 0.455045704 0.6044014573 0.3021446637 0.8551644184 0.2414736874 0.4914634709
  0.7766534092 0.632612852 0.3034918454 0.2177531104 0.1829458125 0.3876312906 0.8175354021
  0.4878683018 0.659991319 0.5714187298 0.3428445421 0.9106128722 0.3211761451 0.6639425905
  0.1141545592 0.608928645 0.7404418860 0.4846216627 0.3027675291 0.5900103682 0.5883987386
  0.4678777090 0.860687288 0.7809639041 0.3828985043 0.0948151739 0.0296866988 0.9009629699
  0.0245900670 0.721077391 0.7789071143 0.8004828546 0.4271095443 0.3494842431 0.5467681346
  0.8844486664 0.489597444 0.8147053512 0.2188789911 0.4191387753 0.2073768516 0.5946745312
  0.2400705854 0.618312070 0.8580538076 0.7612134931 0.3884528959 0.6685611613 0.7254663098
  0.7654991477 0.459659026 0.3941677531 0.1690463435 0.4734899147 0.4518793254 0.7227095483
  0.5156264547 0.410271369 0.6604629718 0.5810469712 0.7472868236 0.2690763508 0.9376818462
  0.6507833951 0.680586438 0.7249324053 0.1178493855 0.4457960901 0.4507765920 0.7827129127
  0.3733743237 0.599601587 0.7793973292 0.5107953767 0.5426182035 0.5216119901 0.8029530763
  0.8521510672 0.775406493 0.7117437511 0.3383881727 0.4595837882 0.1210160259 0.4458931377
  0.6766671099 0.624487321 0.3718250227 0.4541285990 0.3361634239 0.2247452403 0.5835489805
  0.5333499366 0.750864907 0.4702495672 0.4644168347 0.1580738717 0.0017165923 0.7793910267
  0.5299943460 0.561826541 0.8190445840 0.3590994885 0.6541136295 0.2198668522 0.7699513504
  0.6741645850 0.833723050 0.6251012943 0.4232310920 0.6226632827 0.6455574069 0.5811630474
  0.6424327272 0.592575896 0.3709603632 0.6704297013 0.6361638434 0.1679755038 0.7908872179
  0.2804167380 0.893553020 0.7008477778 0.5069064879 0.1370035133 0.3629164476 0.9122813850
  0.1959804453 0.770428553 0.5234684828 0.3152467298 0.8125043444 0.0723188922 0.6175519058
  0.0511440881 0.404952353 0.8469905006 0.7094091053 0.5786700037 0.4749804834 0.8488919672
  0.7106424580 0.650755791 0.3744445410 0.8896253757 0.3777134749 0.1504318340 0.6626474913
  0.5539072428 0.761972609 0.3298192076 0.2897924990 0.6038490557 0.5898068616 0.8909568245
  0.1709335257 0.990842757 0.3627786969 0.0184902526 0.5914553315 0.0541634490 0.5035786982
  0.4298451438 0.777825059 0.5049551922 0.9528382065 0.3719113527 0.0316280760 0.5662101034
  0.6463361812 0.877002070 0.7935753234 0.7066279287 0.5862834194 0.5296640750 0.4714603244
  0.7935889082 0.755545275 0.3279445710 0.3728575836 0.4944663832 0.4851113676 0.6610299507
  0.4761563687 0.724979309 0.7024018060 0.0678949564 0.7202609729 0.2884875673 0.7309328718
  0.2721200573 0.631550105 0.9224311562 0.5587672306 0.2689371192 0.2703167580 0.5513621785
  0.6733366184 0.711443157 0.6099794469 0.1101505874 0.5160611531 0.0910857861 0.6322756632
  0.4308814557 0.807099555 0.3924578407 0.2076491218 0.5667952069 0.0731453006 0.5180536701
  0.7293301221 0.705243705 0.9737042507 0.6457424677 0.5462089383 0.3390057517 0.3001633423
  0.5240416098 0.864719785 0.5031080339 0.4392816429 0.5119670590 0.3472786409 0.6849917563
  0.4423585082 0.801435611 0.6977920434 0.5474649382 0.7358664378 0.0607997235 0.5458299540
  0.5673310741 0.887702772 0.4934805152 0.4357265355 0.1336117879 0.1879031329 0.3715414616
  0.3355519137 0.736804466 0.4424289830 0.4439223360 0.3070356972 0.0955563658 0.5193884707
  0.1349097954 0.538699262 0.7881025023 0.3736189494 0.6908739420 0.0098933869 0.7411051469
  0.2995573704 0.708945945 0.8918600714 0.4729459325 0.3748894409 0.3072097621 0.9858822683
  0.4814329615 0.626833071 0.9054272758 0.6356531849 0.6069003743 0.2599626753 0.5381722024
  0.4998771907 0.555408592 0.7076750987 0.8884336927 0.5289907727 0.1323589587 0.6233350149
  0.0329827224 0.798774770 0.8984604179 0.4187049315 0.5792749035 0.5102626771 0.8426809972
  0.3603703735 0.839524463 0.6425585049 0.4774050533 0.4115403997 0.0846291057 0.7949442372
  0.2083318944 0.641370184 0.5482391656 0.3285868938 0.5658146583 0.2083440868 0.8232626348
  0.2022745821 0.643495101 0.8222445818 0.7084297928 0.4996124243 0.0696863495 0.6372981084
  0.0493043387 0.609607134 0.6914653645 0.6031184835 0.5027615022 0.2457453181 0.9077659591
 0.0035559738 0.903671170 0.8559590760 0.5759689717 0.3482473882 0.3541392153 0.9966747294